8191    0
8191    0
8191    889
8191    2264
8191    3779
8191    5225
8191    6654
8191    8104
8191    8805
8191    9006
8191    8979
8191    8939
8191    8883
8191    8876
8191    8887
8191    8872
8191    8902
8191    8897
8191    8899
8191    8902
8191    8883
8191    8910
8191    8889
8191    8908
8191    8904
8191    8891
8191    8902
8191    8891
8191    8891
8191    8897
8191    8895
8191    8895
8191    8895
8191    8899
8191    8902
8191    8893
8191    8895
8191    8897
8191    8899
8191    8908
8191    8891
8191    8891
8191    8908
8191    8897
8191    8908
8191    8895
8191    8906
8191    8904
8191    8897
8191    8912
8191    8893
8191    8908
8191    8887
8191    8897
8191    8912
8191    8893
8191    8910
8191    8891
8191    8906
8191    8895
8191    8889
8191    8916
8191    8891
8191    8899
8191    8897
8191    8906
8191    8914
8191    8889
8191    8897
8191    8906
8191    8897
8191    8895
8191    8891
8191    8899
8191    8906
8191    8889
8191    8899
8191    8904
8191    8897
8191    8891
8191    8899
8191    8893
8191    8908
8191    8902
8191    8912
8191    8906
8191    8895
8191    8910
8191    8895
8191    8910
8191    8893
8191    8906
8191    8891
8191    8914
8191    8891
8191    8902
8191    8897
8191    8887
8191    8908
8191    8885
8191    8895
8191    8904
8191    8895
8191    8895
8191    8889
8191    8897
8191    8906
8191    8895
8191    8897
8191    8893
8191    8897
8191    8908
8191    8895
8191    8908
8191    8895
8191    8895
8191    8906
8191    8897
8191    8912
8191    8897
8191    8891
8191    8895
8191    8895
8191    8908
8191    8893
8191    8902
8191    8912
8191    8893
8191    8897
8191    8906
8191    8895
8191    8912
8191    8891
8191    8908
8191    8902
8191    8895
8191    8910
8191    8895
8191    8910
8191    8887
8191    8899
8191    8893
8191    8899
8191    8906
8191    8897
8191    8904
8191    8897
8191    8899
8191    8910
8191    8899
8191    8912
8191    8904
8191    8906
8191    8889
8191    8904
8191    8899
8191    8910
8191    8899
8191    8912
8191    8904
8191    8897
8191    8910
8191    8897
8191    8914
8191    8893
8191    8899
8191    8899
8191    8895
8191    8912
8191    8891
8191    8912
8191    8895
8191    8899
8191    8906
8191    8889
8191    8914
8191    8889
8191    8897
8191    8902
8191    8887
8191    8904
8191    8891
8191    8897
8191    8906
8191    8897
8191    8910
8191    8899
8191    8908
8191    8891
8191    8897
8191    8910
8191    8893
8191    8908
8191    8885
8191    8902
8191    8893
8191    8895
8191    8908
8191    8891
8191    8902
8191    8897
8191    8908
8191    8910
8191    8899
8191    8895
8191    8906
8191    8887
8191    8910
8191    8895
8191    8906
8191    8899
8191    8887
8191    8906
8191    8891
8191    8914
8191    8897
8191    8891
8191    8897
8191    8897
8191    8897
8191    8910
8191    8899
8191    8893
8191    8897
8191    8897
8191    8912
8191    8899
8191    8895
8191    8906
8191    8895
8191    8910
8191    8897
8191    8906
8191    8904
8191    8895
8191    8908
8191    8891
8191    8904
8191    8887
8191    8902
8191    8916
8191    8893
8191    8908
8191    8891
8191    8899
8191    8912
8191    8893
8191    8914
8191    8891
8191    8899
8191    8895
8191    8902
8191    8908
8191    8887
8191    8895
8191    8902
8191    8897
8191    8899
8191    8887
8191    8897
8191    8908
8191    8899
8191    8902
8191    8906
8191    8897
8191    8910
8191    8902
8191    8897
8191    8904
8191    8899
8191    8889
8191    8902
8191    8895
8191    8908
8191    8895
8191    8908
8191    8902
8191    8895
8191    8908
8191    8902
8191    8918
8191    8895
8191    8897
8191    8904
8191    8897
8191    8910
8191    8891
8191    8912
8191    8893
8191    8897
8191    8904
8191    8889
8191    8914
8191    8895
8191    8899
8191    8904
8191    8889
8191    8904
8191    8887
8191    8902
8191    8910
8191    8893
8191    8897
8191    8895
8191    8899
8191    8910
8191    8899
8191    8906
8191    8895
8191    8908
8191    8891
8191    8906
8191    8895
8191    8893
8191    8906
8191    8891
8191    8906
8191    8899
8191    8906
8191    8899
8191    8893
8191    8899
8191    8895
8191    8904
8191    8897
8191    8914
8191    8899
8191    8902
8191    8897
8191    8899
8191    8889
8191    8899
8191    8899
8191    8895
8191    8897
8191    8897
8191    8895
8191    8912
8191    8902
8191    8895
8191    8906
8191    8899
8191    8912
8191    8897
8191    8891
8191    8908
8191    8895
8191    8906
8191    8897
8191    8906
8191    8885
8191    8899
8191    8910
8191    8893
8191    8906
8191    8887
8191    8899
8191    8910
8191    8889
8191    8906
8191    8891
8191    8902
8191    8895
8191    8891
8191    8912
8191    8891
8191    8899
8191    8897
8191    8904
8191    8910
8191    8889
8191    8897
8191    8902
8191    8895
8191    8895
8191    8887
8191    8895
8191    8910
8191    8895
8191    8902
8191    8906
8191    8887
8191    8912
8191    8893
8191    8914
8191    8899
8191    8891
8191    8897
8191    8897
8191    8910
8191    8893
8191    8895
8191    8893
8191    8904
8191    8912
8191    8904
8191    8902
8191    8897
8191    8895
8191    8899
8191    8908
8191    8893
8191    8904
8191    8893
8191    8904
8191    8897
8191    8889
8191    8908
8191    8897
8191    8910
8191    8902
8191    8914
8191    8906
8191    8899
8191    8910
8191    8897
8191    8912
8191    8893
8191    8902
8191    8899
8191    8895
8191    8910
8191    8889
8191    8910
8191    8893
8191    8902
8191    8908
8191    8889
8191    8912
8191    8891
8191    8899
8191    8904
8191    8889
8191    8904
8191    8891
8191    8902
8191    8910
8191    8897
8191    8893
8191    8895
8191    8895
8191    8910
8191    8899
8191    8895
8191    8908
8191    8897
8191    8908
8191    8899
8191    8910
8191    8908
8191    8899
8191    8914
8191    8897
8191    8904
8191    8889
8191    8904
8191    8887
8191    8899
8191    8893
8191    8902
8191    8897
8191    8914
8191    8902
8191    8904
8191    8897
8191    8899
8191    8912
8191    8891
8191    8895
8191    8893
8191    8910
8191    8904
8191    8897
8191    8908
8191    8912
8191    8893
8191    8902
8191    8906
8191    8889
8191    8910
8191    8897
8191    8906
8191    8902
8191    8889
8191    8906
8191    8889
8191    8912
8191    8906
8191    8897
8191    8889
8191    8902
8191    8897
8191    8906
8191    8908
8191    8893
8191    8904
8191    8895
8191    8906
8191    8910
8191    8891
8191    8902
8191    8897
8191    8904
8191    8895
8191    8910
8191    8902
8191    8904
8191    8899
8191    8899
8191    8910
8191    8891
8191    8910
8191    8899
8191    8906
8191    8904
8191    8889
8191    8904
8191    8899
8191    8893
8191    8906
8191    8902
8191    8908
8191    8899
8191    8893
8191    8908
8191    8899
8191    8912
8191    8895
8191    8908
8191    8904
8191    8897
8191    8914
8191    8891
8191    8908
8191    8891
8191    8897
8191    8908
8191    8891
8191    8912
8191    8893
8191    8902
8191    8906
8191    8889
8191    8914
8191    8889
8191    8899
8191    8906
8191    8897
8191    8902
8191    8889
8191    8893
8191    8906
8191    8893
8191    8902
8191    8897
8191    8899
8191    8916
8191    8897
8191    8912
8191    8904
8191    8897
8191    8906
8191    8895
8191    8908
8191    8897
8191    8899
8191    8910
8191    8895
8191    8904
8191    8889
8191    8902
8191    8897
8191    8893
8191    8906
8191    8891
8191    8906
8191    8895
8191    8908
8191    8897
8191    8891
8191    8904
8191    8906
8191    8889
8191    8914
8191    8889
8191    8906
8191    8906
8191    8887
8191    8906
8191    8889
8191    8897
8191    8902
8191    8891
8191    8897
8191    8893
8191    8895
8191    8914
8191    8902
8191    8899
8191    8902
8191    8899
8191    8910
8191    8899
8191    8912
8191    8912
8191    8899
8191    8910
8191    8897
8191    8908
8191    8889
8191    8897
8191    8914
8191    8895
8191    8910
8191    8893
8191    8906
8191    8910
8191    8893
8191    8916
8191    8895
8191    8904
8191    8895
8191    8889
8191    8912
8191    8891
8191    8904
8191    8906
8191    8904
8191    8904
8191    8893
8191    8904
8191    8912
8191    8895
8191    8908
8191    8904
8191    8902
8191    8891
8191    8904
8191    8899
8191    8910
8191    8899
8191    8889
8191    8904
8191    8895
8191    8893
8191    8912
8191    8893
8191    8895
8191    8906
8191    8887
8191    8914
8191    8893
8191    8899
8191    8906
8191    8885
8191    8906
8191    8891
8191    8899
8191    8902
8191    8891
8191    8897
8191    8889
8191    8902
8191    8908
8191    8897
8191    8897
8191    8899
8191    8899
8191    8908
8191    8897
8191    8912
8191    8906
8191    8897
8191    8914
8191    8899
8191    8910
8191    8893
8191    8899
8191    8910
8191    8895
8191    8904
8191    8906
8191    8895
8191    8910
8191    8902
8191    8899
8191    8904
8191    8897
8191    8912
8191    8891
8191    8904
8191    8895
8191    8897
8191    8893
8191    8899
8191    8906
8191    8895
8191    8897
8191    8897
8191    8895
8191    8910
8191    8895