0	0	0.010
0	0	0.010
0	0	0.010
0	0	0.010
0	0	0.010
0	0	0.010
0	0	0.010
0	0	0.010
0	0	0.010
0	0	0.010
0	0	0.010
0	0	0.010
0	0	0.010
0	0	0.010
0	0	0.010
0	0	0.010
0	0	0.010
0	0	0.010
0	0	0.010
0	0	0.010
0	0	0.010
0	0	0.010
0	0	0.010
0	0	0.010
0	0	0.010
0	0	0.010
0	0	0.010
0	0	0.010
0	0	0.010
0	0	0.010
0	0	0.010
0	0	0.010
0	0	0.010
0	0	0.010
0	0	0.010
0	0	0.010
0	0	0.010
0	0	0.010
0	0	0.010
0	0	0.010
0	0	0.010
0	0	0.010
0	0	0.010
0	0	0.010
0	0	0.010
0	0	0.010
0	0	0.010
0	0	0.010
0	0	0.010
0	0	0.010
0	0	0.010
0	0	0.010
0	0	0.010
0	0	0.010
0	0	0.010
0	0	0.010
0	0	0.010
0	0	0.010
0	0	0.010
0	0	0.010
0	0	0.010
0	0	0.010
0	0	0.010
0	0	0.010
0	0	0.010
0	0	0.010
0	0	0.010
0	0	0.010
0	0	0.010
0	0	0.010
0	0	0.010
0	0	0.010
0	0	0.010
0	0	0.010
0	0	0.010
0	0	0.010
0	0	0.010
0	0	0.010
0	0	0.010
0	0	0.010
0	0	0.010
0	0	0.010
0	0	0.010
0	0	0.010
0	0	0.010
0	0	0.010
0	0	0.010
0	0	0.010
0	0	0.010
0	0	0.010
0	0	0.010
0	0	0.010
0	0	0.010
0	0	0.010
0	0	0.010
0	0	0.010
0	0	0.010
0	0	0.010
0	0	0.010
0	0	0.010
0	0	0.010
0	0	0.010
0	0	0.010
0	0	0.010
0	0	0.010
0	0	0.010
0	0	0.010
0	0	0.010
0	0	0.010
0	0	0.010
0	0	0.010
0	0	0.010
0	0	0.010
0	0	0.010
0	0	0.010
0	0	0.010
0	0	0.010
0	0	0.010
0	0	0.010
0	0	0.010
0	0	0.010
0	0	0.010
0	0	0.010
0	0	0.010
0	0	0.010
0	0	0.010
0	0	0.010
0	0	0.010
0	0	0.010
0	0	0.010
0	0	0.010
0	0	0.010
0	0	0.010
0	0	0.010
0	0	0.010
0	0	0.010
0	0	0.010
0	0	0.010
0	0	0.010
0	0	0.010
0	0	0.010
0	0	0.010
0	0	0.010
0	0	0.010
0	0	0.010
0	0	0.010
8643	0	0.010
9021	0	0.010
8379	0	0.010
8221	0	0.010
9141	0	0.010
8514	0	0.010
8248	0	0.010
8767	0	0.010
7339	2	0.010
7850	2	0.010
8358	2	0.010
7252	2	0.010
9048	2	0.010
7230	2	0.010
8749	1	0.010
7863	1	0.010
7876	1	0.010
8020	1	0.010
9005	2	0.010
8493	2	0.010
8332	3	0.010
7206	3	0.010
7764	3	0.010
8650	4	0.010
8595	4	0.010
8096	4	0.010
7638	4	0.010
8935	4	0.010
8625	4	0.010
8961	4	0.010
7863	4	0.010
8533	4	0.010
8402	4	0.010
7324	5	0.010
8727	5	0.010
8844	5	0.010
7480	6	0.010
7195	6	0.010
8178	6	0.010
7385	8	0.010
8575	8	0.010
8441	7	0.010
8700	8	0.010
8114	8	0.010
8745	8	0.010
8694	8	0.010
9143	8	0.010
7546	8	0.010
8090	8	0.010
8861	8	0.010
8343	9	0.010
7990	8	0.010
8774	8	0.010
8175	8	0.010
8275	8	0.010
8669	8	0.010
7441	8	0.010
7448	9	0.010
8722	9	0.010
8075	11	0.010
7607	11	0.010
8966	10	0.010
7869	10	0.010
8867	11	0.010
9039	12	0.010
8787	11	0.010
7824	11	0.010
8190	11	0.010
7461	13	0.010
8099	14	0.010
8284	15	0.010
8954	15	0.010
8642	15	0.010
7883	14	0.010
9099	14	0.010
8386	15	0.010
7551	15	0.010
7890	15	0.010
8712	15	0.010
8218	16	0.010
8896	16	0.010
7910	16	0.010
8719	16	0.010
7598	16	0.010
8111	16	0.010
7630	16	0.010
7981	16	0.010
7471	16	0.010
8660	16	0.010
8361	16	0.010
8873	15	0.010
8725	16	0.010
9170	16	0.010
9018	16	0.010
9037	16	0.010
8941	16	0.010
8771	17	0.010
8970	18	0.010
7898	18	0.010
7925	19	0.010
7337	20	0.010
8828	21	0.010
8547	22	0.010
8540	21	0.010
8548	20	0.010
7803	19	0.010
8265	19	0.010
7791	20	0.010
8779	20	0.010
8853	21	0.010
8282	21	0.010
7362	21	0.010
7607	21	0.010
7504	21	0.010
7791	21	0.010
7781	22	0.010
7695	22	0.010
7872	22	0.010
7917	22	0.010
8335	22	0.010
8874	23	0.010
8735	23	0.010
7639	22	0.010
7871	22	0.010
9154	22	0.010
7812	22	0.010
7898	22	0.010
7639	23	0.010
8595	22	0.010
8924	22	0.010
8095	22	0.010
8124	23	0.010
8334	23	0.010
7927	23	0.010
7198	23	0.010
7394	23	0.010
7633	23	0.010
8917	23	0.010
9149	23	0.010
8290	24	0.010
7881	26	0.010
9135	27	0.010
8548	24	0.010
7571	24	0.010
7681	24	0.010
7982	24	0.010
8639	22	0.010
8661	22	0.010
8504	22	0.010
8716	23	0.010
7870	24	0.010
9185	24	0.010
8953	23	0.010
8276	22	0.010
7277	24	0.010
8494	24	0.010
7826	25	0.010
8723	25	0.010
7487	27	0.010
7477	27	0.010
9169	27	0.010
7913	27	0.010
8162	27	0.010
9109	27	0.010
7262	27	0.010
7439	27	0.010
8181	25	0.010
7854	24	0.010
8846	24	0.010
8604	26	0.010
8139	27	0.010
7892	28	0.010
8575	28	0.010
8262	27	0.010
7524	27	0.010
8105	27	0.010
8740	27	0.010
7858	27	0.010
8506	27	0.010
9022	27	0.010
7593	27	0.010
8112	27	0.010
8018	28	0.010
7464	28	0.010
9155	27	0.010
7296	28	0.010
8413	29	0.010
8461	29	0.010
7716	29	0.010
8326	30	0.010
7838	29	0.010
8253	29	0.010
7746	29	0.010
7952	29	0.010
8958	29	0.010
7517	28	0.010
7825	28	0.010
7392	29	0.010
8748	29	0.010
7905	31	0.010
7759	31	0.010
8119	31	0.010
7798	32	0.010
7329	34	0.010
7800	34	0.010
7814	36	0.010
8129	34	0.010
8037	33	0.010
8252	32	0.010
8613	32	0.010
8959	32	0.010
8266	32	0.010
7752	32	0.010
8812	32	0.010
8797	32	0.010
9174	32	0.010
7791	32	0.010
8566	32	0.010
9007	32	0.010
8374	32	0.010
8463	32	0.010
7304	32	0.010
9112	35	0.010
7241	36	0.010
7224	37	0.010
8274	36	0.010
8698	36	0.010
7274	35	0.010
9078	36	0.010
8994	36	0.010
7717	36	0.010
8043	36	0.010
9073	36	0.010
7870	35	0.010
9058	35	0.010
9086	37	0.010
7922	37	0.010
8553	38	0.010
8102	38	0.010
7857	35	0.010
7356	35	0.010
7466	35	0.010
9004	34	0.010
8198	34	0.010
8526	34	0.010
7826	34	0.010
8179	34	0.010
8537	34	0.010
7679	35	0.010
8721	35	0.010
7476	35	0.010
7228	35	0.010
8403	35	0.010
8897	40	0.010
7422	37	0.010
7605	37	0.010
7498	38	0.010
8595	36	0.010
8473	35	0.010
8366	35	0.010
7721	37	0.010
7773	37	0.010
7213	37	0.010
8375	36	0.010
8713	35	0.010
8507	35	0.010
7671	37	0.010
8424	37	0.010
8274	37	0.010
8356	37	0.010
7740	37	0.010
8121	37	0.010
8146	37	0.010
8948	37	0.010
8650	37	0.010
7937	38	0.010
8214	38	0.010
7938	38	0.010
7290	38	0.010
8931	37	0.010
7520	37	0.010
8326	37	0.010
7428	37	0.010
7288	38	0.010
8658	39	0.010
8846	41	0.010
8032	44	0.010
9174	44	0.010
9011	43	0.010
8218	42	0.010
7442	41	0.010
8684	38	0.010
8680	39	0.010
7950	41	0.010
9114	41	0.010
7299	41	0.010
7359	44	0.010
8557	44	0.010
7510	45	0.010
8221	45	0.010
8591	43	0.010
7212	43	0.010
8301	42	0.010
7361	42	0.010
7404	43	0.010
9084	42	0.010
7208	42	0.010
9184	42	0.010
8867	42	0.010
7628	42	0.010
7294	43	0.010
7800	43	0.010
8026	43	0.010
7798	43	0.010
8558	43	0.010
7739	43	0.010
8404	44	0.010
7609	44	0.010
8510	44	0.010
7659	44	0.010
7512	44	0.010
7537	44	0.010
8175	40	0.010
8936	40	0.010
7616	40	0.010
7602	44	0.010
7588	46	0.010
8523	46	0.010
8365	44	0.010
8059	44	0.010
7682	44	0.010
8504	43	0.010
7667	42	0.010
8829	42	0.010
8020	42	0.010
7528	42	0.010
7300	43	0.010
7262	43	0.010
9020	41	0.010
8565	41	0.010
7577	41	0.010
9050	43	0.010
8658	43	0.010
7800	42	0.010
7352	42	0.010
7813	42	0.010
7633	42	0.010
8342	42	0.010
7998	43	0.010
8215	43	0.010
7895	44	0.010
8289	43	0.010
8099	42	0.010
7965	42	0.010
7202	43	0.010
8790	45	0.010
8955	48	0.010
7677	49	0.010
9045	49	0.010
7555	45	0.010
9125	45	0.010
7464	45	0.010
8651	45	0.010
8963	45	0.010
7453	46	0.010
7489	46	0.010
8246	46	0.010
8419	48	0.010
8425	48	0.010
8849	48	0.010
8505	45	0.010
8177	45	0.010
7982	45	0.010
7249	46	0.010
9083	46	0.010
8935	46	0.010
7544	47	0.010
8149	47	0.010
7486	48	0.010
8490	48	0.010
8691	48	0.010
8985	47	0.010
7793	47	0.010
7542	48	0.010
8304	48	0.010
8182	49	0.010
7223	49	0.010
8921	47	0.010
7983	47	0.010
8142	46	0.010
8694	46	0.010
7681	47	0.010
8826	48	0.010
7359	49	0.010
9165	49	0.010
9153	49	0.010
8153	48	0.010
8934	48	0.010
8335	47	0.010
8103	46	0.010
8882	47	0.010
7761	47	0.010
8195	47	0.010
8429	47	0.010
9101	47	0.010
7460	47	0.010
7937	47	0.010
8870	48	0.010
8237	47	0.010
9186	46	0.010
8677	46	0.010
8743	48	0.010
8710	48	0.010
8317	48	0.010
7804	47	0.010
8578	47	0.010
7661	46	0.010
8376	47	0.010
8247	47	0.010
7964	49	0.010
8141	50	0.010
8991	50	0.010
7963	49	0.010
8804	48	0.010
8702	48	0.010
8025	48	0.010
7906	47	0.010
8600	48	0.010
8965	48	0.010
8580	48	0.010
8652	48	0.010
7687	48	0.010
7585	48	0.010
8391	47	0.010
7764	47	0.010
7746	48	0.010
8688	48	0.010
7409	48	0.010
8843	48	0.010
8048	48	0.010
7472	48	0.010
8864	48	0.010
8650	49	0.010
7677	49	0.010
7503	48	0.010
7634	48	0.010
8689	55	0.010
7710	56	0.010
7875	55	0.010
7592	51	0.010
7617	51	0.010
8334	50	0.010
8196	49	0.010
7494	51	0.010
7687	51	0.010
9170	52	0.010
7210	54	0.010
7703	54	0.010
9029	52	0.010
8908	52	0.010
9185	51	0.010
8655	51	0.010
7450	53	0.010
9165	53	0.010
8206	53	0.010
8158	52	0.010
8031	52	0.010
7496	52	0.010
9065	52	0.010
7727	52	0.010
8396	50	0.010
7320	52	0.010
7759	52	0.010
7851	51	0.010
8040	50	0.010
8639	49	0.010
8545	49	0.010
8537	50	0.010
7351	51	0.010
8609	52	0.010
8898	51	0.010
7275	52	0.010
8284	53	0.010
8182	52	0.010
8586	51	0.010
7578	49	0.010
8457	50	0.010
9123	50	0.010
7377	50	0.010
8597	51	0.010
7935	51	0.010
8478	51	0.010
7554	51	0.010
8159	51	0.010
8417	51	0.010
8591	52	0.010
8452	53	0.010
8738	53	0.010
7947	54	0.010
7413	53	0.010
8826	50	0.010
7726	51	0.010
8545	53	0.010
7817	54	0.010
7381	55	0.010
7562	56	0.010
8472	57	0.010
7853	56	0.010
8827	54	0.010
9164	53	0.010
8073	51	0.010
7670	52	0.010
8937	56	0.010
7871	60	0.010
8597	60	0.010
8905	57	0.010
7707	57	0.010
7221	57	0.010
8343	57	0.010
7644	57	0.010
7460	57	0.010
8522	57	0.010
8987	57	0.010
8781	57	0.010
8811	55	0.010
8675	56	0.010
8945	57	0.010
9130	56	0.010
7531	55	0.010
7575	54	0.010
7857	54	0.010
8194	51	0.010
8541	51	0.010
7210	52	0.010
8861	54	0.010
7415	54	0.010
7909	54	0.010
9117	54	0.010
7578	54	0.010
8351	54	0.010
8364	54	0.010
7358	54	0.010
8747	54	0.010
7746	54	0.010
7665	54	0.010
8183	54	0.010
8010	54	0.010
7341	54	0.010
8060	54	0.010
7682	54	0.010
7919	54	0.010
8957	55	0.010
9109	55	0.010
7417	55	0.010
8505	54	0.010
8606	54	0.010
8810	55	0.010
8611	56	0.010
7564	57	0.010
7274	59	0.010
7708	61	0.010
7950	61	0.010
9122	60	0.010
8988	57	0.010
8698	56	0.010
9155	56	0.010
8737	60	0.010
8378	62	0.010
9127	62	0.010
8650	60	0.010
7897	60	0.010
8518	60	0.010
8460	60	0.010
9170	60	0.010
7252	59	0.010
8978	58	0.010
8299	58	0.010
7442	58	0.010
7403	59	0.010
8155	59	0.010
8818	58	0.010
9104	58	0.010
8101	58	0.010
8342	58	0.010
8027	58	0.010
9106	58	0.010
9128	56	0.010
8227	56	0.010
8489	61	0.010
8519	62	0.010
7820	61	0.010
9109	57	0.010
7902	56	0.010
7460	56	0.010
7484	57	0.010
9083	57	0.010
7209	56	0.010
7413	56	0.010
7451	57	0.010
8116	58	0.010
9116	57	0.010
8486	57	0.010
7861	59	0.010
7410	59	0.010
7321	59	0.010
8541	59	0.010
7740	59	0.010
7781	59	0.010
7456	59	0.010
9089	61	0.010
7344	63	0.010
8418	63	0.010
7424	62	0.010
8293	60	0.010
9085	59	0.010
7479	60	0.010
8879	61	0.010
7918	61	0.010
7537	63	0.010
8920	63	0.010
8734	62	0.010
7770	62	0.010
8123	62	0.010
7620	62	0.010
7876	62	0.010
8469	62	0.010
7569	62	0.010
7730	62	0.010
7818	62	0.010
7401	62	0.010
9008	63	0.010
8051	62	0.010
7930	62	0.010
7317	61	0.010
7838	60	0.010
8388	59	0.010
7571	60	0.010
9120	61	0.010
8817	63	0.010
7457	63	0.010
8915	62	0.010
7232	62	0.010
7348	61	0.010
8406	59	0.010
7300	60	0.010
7672	60	0.010
7296	60	0.010
7365	60	0.010
8381	60	0.010
8071	60	0.010
8942	60	0.010
7592	60	0.010
8499	62	0.010
7906	61	0.010
9146	61	0.010
7347	60	0.010
8586	61	0.010
8158	62	0.010
8864	64	0.010
8519	64	0.010
8833	64	0.010
8957	63	0.010
7500	60	0.010
8489	60	0.010
8976	61	0.010
8504	62	0.010
8035	62	0.010
8228	62	0.010
8451	62	0.010
9157	62	0.010
8379	62	0.010
8109	61	0.010
7837	62	0.010
8362	62	0.010
8335	63	0.010
8914	63	0.010
8203	64	0.010
8381	64	0.010
8973	64	0.010
8510	65	0.010
7823	65	0.010
7959	65	0.010
8016	62	0.010
7793	62	0.010
7306	62	0.010
8575	62	0.010
8831	65	0.010
7864	65	0.010
8258	64	0.010
8605	64	0.010
8150	62	0.010
9008	62	0.010
7518	62	0.010
8097	64	0.010
7514	64	0.010
7696	62	0.010
7372	63	0.010
8081	63	0.010
7278	63	0.010
7553	63	0.010
7970	63	0.010
8750	63	0.010
7712	62	0.010
9095	62	0.010
8892	62	0.010
8119	62	0.010
7325	62	0.010
8829	62	0.010
7691	62	0.010
7889	62	0.010
8176	62	0.010
8413	62	0.010
7963	62	0.010
9159	63	0.010
7347	67	0.010
7707	66	0.010
7196	62	0.010
8135	61	0.010
7546	63	0.010
7243	64	0.010
8955	64	0.010
7635	64	0.010
7994	64	0.010
8616	64	0.010
7217	63	0.010
7777	64	0.010
7396	65	0.010
8967	68	0.010
9096	68	0.010
7390	68	0.010
7970	68	0.010
8482	68	0.010
8671	68	0.010
7539	68	0.010
8113	68	0.010
8799	68	0.010
7336	68	0.010
8716	68	0.010
7677	68	0.010
8045	68	0.010
8031	68	0.010
7617	68	0.010
7686	68	0.010
8414	68	0.010
8761	64	0.010
7477	64	0.010
7197	66	0.010
8609	67	0.010
8161	65	0.010
7775	62	0.010
7563	62	0.010
9163	62	0.010
8126	62	0.010
7790	62	0.010
8479	62	0.010
8193	62	0.010
7738	62	0.010
9009	62	0.010
7989	62	0.010
7720	62	0.010
7424	62	0.010
9032	62	0.010
7302	62	0.010
9179	62	0.010
8364	62	0.010
8943	62	0.010
8267	62	0.010
8392	65	0.010
8478	64	0.010
7389	64	0.010
7994	64	0.010
7716	66	0.010
8556	69	0.010
8425	69	0.010
7592	69	0.010
7251	69	0.010
7316	65	0.010
8365	65	0.010
8851	68	0.010
7975	69	0.010
7927	70	0.010
8434	69	0.010
8926	69	0.010
9069	69	0.010
7384	68	0.010
8589	68	0.010
9158	68	0.010
8726	67	0.010
9016	67	0.010
8123	68	0.010
8860	68	0.010
8517	66	0.010
9049	64	0.010
8937	64	0.010
8738	64	0.010
8975	64	0.010
7221	68	0.010
8588	69	0.010
7642	69	0.010
7717	66	0.010
8514	64	0.010
7509	64	0.010
8510	65	0.010
7668	65	0.010
8731	64	0.010
8723	65	0.010
8852	65	0.010
8633	65	0.010
8403	65	0.010
7839	66	0.010
7456	65	0.010
7430	65	0.010
7334	65	0.010
8267	67	0.010
7852	71	0.010
8042	72	0.010
8247	69	0.010
7985	67	0.010
7213	66	0.010
7953	67	0.010
9005	71	0.010
9124	69	0.010
8026	68	0.010
7937	68	0.010
7963	68	0.010
8838	69	0.010
8707	77	0.010
7219	78	0.010
8973	70	0.010
8409	69	0.010
7724	68	0.010
7689	67	0.010
8726	66	0.010
8703	63	0.010
9025	66	0.010
7940	70	0.010
8785	70	0.010
7343	68	0.010
8481	64	0.010
8856	64	0.010
8077	64	0.010
8044	66	0.010
7569	66	0.010
7283	65	0.010
8190	65	0.010
9062	65	0.010
8999	65	0.010
7205	65	0.010
7327	66	0.010
8972	66	0.010
8028	66	0.010
7557	66	0.010
8067	66	0.010
8978	67	0.010
8663	71	0.010
7897	71	0.010
8309	70	0.010
8275	67	0.010
7600	68	0.010
7809	69	0.010
8011	70	0.010
8710	69	0.010
9035	69	0.010
8413	67	0.010
7452	67	0.010
8852	68	0.010
8366	68	0.010
7789	69	0.010
7769	69	0.010
8114	69	0.010
8253	71	0.010
7264	71	0.010
7925	70	0.010
7965	68	0.010
7857	67	0.010
7743	67	0.010
7517	68	0.010
7411	70	0.010
8984	70	0.010
7376	67	0.010
7796	66	0.010
8065	68	0.010
7882	68	0.010
7427	67	0.010
8328	67	0.010
8909	66	0.010
7823	67	0.010
7944	68	0.010
7801	68	0.010
8061	67	0.010
8318	66	0.010
7586	66	0.010
7976	67	0.010
7676	70	0.010
8764	70	0.010
8387	68	0.010
7794	67	0.010
9131	67	0.010
8485	67	0.010
7966	67	0.010
8296	67	0.010
7774	67	0.010
7529	67	0.010
7735	67	0.010
7251	67	0.010
8069	67	0.010
8878	67	0.010
7981	67	0.010
7257	67	0.010
7656	67	0.010
8366	67	0.010
9065	67	0.010
7767	67	0.010
9118	69	0.010
7380	67	0.010
7259	68	0.010
7967	70	0.010
9187	73	0.010
8360	72	0.010
8617	69	0.010
7570	69	0.010
8545	70	0.010
7356	69	0.010
9084	68	0.010
8131	68	0.010
7625	69	0.010
8998	69	0.010
9189	68	0.010
7539	67	0.010
7579	68	0.010
7985	68	0.010
8704	68	0.010
7293	68	0.010
8336	68	0.010
8374	68	0.010
7528	68	0.010
9150	67	0.010
7865	67	0.010
8149	67	0.010
7781	68	0.010
9156	68	0.010
8531	67	0.010
8647	66	0.010
8726	67	0.010
8457	69	0.010
7571	70	0.010
8812	68	0.010
7960	68	0.010
9041	67	0.010
8312	68	0.010
7486	70	0.010
8716	74	0.010
7916	74	0.010
8559	69	0.010
8261	69	0.010
7829	72	0.010
7815	72	0.010
8761	72	0.010
8348	72	0.010
8202	72	0.010
7624	72	0.010
7566	72	0.010
8247	72	0.010
8382	70	0.010
8584	70	0.010
7628	72	0.010
8652	71	0.010
9034	70	0.010
8328	68	0.010
8394	68	0.010
7443	68	0.010
8177	68	0.010
8549	73	0.010
8694	72	0.010
7485	68	0.010
7933	68	0.010
9053	69	0.010
8875	71	0.010
8666	70	0.010
8910	70	0.010
7792	70	0.010
8894	70	0.010
8296	70	0.010
9015	70	0.010
8685	70	0.010
7810	69	0.010
7762	69	0.010
7462	70	0.010
9141	73	0.010
8537	77	0.010
8599	77	0.010
7502	72	0.010
7419	71	0.010
8131	71	0.010
8772	76	0.010
7873	76	0.010
7210	76	0.010
7647	76	0.010
9142	76	0.010
7811	76	0.010
8711	76	0.010
8668	76	0.010
7666	72	0.010
9161	73	0.010
7392	72	0.010
8489	72	0.010
8407	72	0.010
7487	69	0.010
8374	69	0.010
7859	69	0.010
8668	72	0.010
7876	73	0.010
7549	72	0.010
7532	71	0.010
8926	70	0.010
8738	69	0.010
7748	69	0.010
7714	71	0.010
8921	71	0.010
7740	70	0.010
7258	69	0.010
9147	70	0.010
7244	71	0.010
8831	71	0.010
8120	70	0.010
8670	69	0.010
8081	69	0.010
8128	71	0.010
7758	78	0.010
9032	78	0.010
7968	74	0.010
8782	71	0.010
8303	71	0.010
7534	73	0.010
8003	75	0.010
8267	75	0.010
7778	74	0.010
7761	73	0.010
8245	73	0.010
8591	74	0.010
8559	75	0.010
9111	74	0.010
9051	73	0.010
7900	73	0.010
8822	73	0.010
7889	76	0.010
8029	76	0.010
8836	76	0.010
7835	72	0.010
8467	71	0.010
8624	75	0.010
8213	75	0.010
8306	75	0.010
7576	74	0.010
7730	72	0.010
8736	72	0.010
7249	73	0.010
9148	73	0.010
7330	73	0.010
7557	72	0.010
7956	72	0.010
8875	73	0.010
7446	73	0.010
7412	73	0.010
8485	72	0.010
7613	72	0.010
8864	73	0.010
7477	78	0.010
7640	76	0.010
7217	73	0.010
8854	74	0.010
8415	74	0.010
8951	74	0.010
7940	74	0.010
8135	72	0.010
8138	72	0.010
7639	75	0.010
7629	75	0.010
7584	75	0.010
7537	75	0.010
8240	75	0.010
7787	76	0.010
8244	77	0.010
7689	77	0.010
8530	74	0.010
8328	73	0.010
8955	73	0.010
8876	74	0.010
8150	75	0.010
8824	76	0.010
8921	75	0.010
7291	74	0.010
8312	74	0.010
8484	75	0.010
8087	75	0.010
8568	75	0.010
8541	74	0.010
7910	74	0.010
7253	74	0.010
7533	74	0.010
7304	74	0.010
7201	74	0.010
8051	74	0.010
7586	74	0.010
7408	74	0.010
8131	74	0.010
8945	74	0.010
8073	74	0.010
7670	74	0.010
7544	74	0.010
8213	74	0.010
7497	74	0.010
8350	74	0.010
8231	74	0.010
7274	74	0.010
8960	74	0.010
7742	75	0.010
9156	75	0.010
8131	74	0.010
8528	74	0.010
7708	75	0.010
8103	76	0.010
8147	78	0.010
7534	78	0.010
7900	77	0.010
8308	76	0.010
7847	76	0.010
8464	77	0.010
7224	77	0.010
8212	76	0.010
7328	75	0.010
7506	76	0.010
8465	76	0.010
7242	76	0.010
7683	74	0.010
7653	74	0.010
9052	74	0.010
9080	74	0.010
7813	74	0.010
8653	74	0.010
7377	74	0.010
9120	74	0.010
8732	74	0.010
7905	74	0.010
8362	74	0.010
7453	74	0.010
7726	75	0.010
7380	72	0.010
8802	71	0.010
8792	71	0.010
8575	71	0.010
8544	71	0.010
8661	71	0.010
8572	72	0.010
7859	72	0.010
8230	73	0.010
8477	74	0.010
7324	74	0.010
7838	73	0.010
7715	75	0.010
8381	76	0.010
8892	77	0.010
8314	77	0.010
8966	77	0.010
8936	77	0.010
7813	77	0.010
8594	77	0.010
8137	77	0.010
7963	79	0.010
8526	79	0.010
9070	77	0.010
8061	76	0.010
7875	76	0.010
7912	76	0.010
7257	75	0.010
7895	75	0.010
7596	73	0.010
7928	74	0.010
8023	75	0.010
8922	75	0.010
7887	73	0.010
7588	72	0.010
8207	72	0.010
8165	73	0.010
7736	74	0.010
7537	75	0.010
8743	75	0.010
8310	71	0.010
8187	70	0.010
8419	70	0.010
7382	72	0.010
8936	72	0.010
7409	71	0.010
7370	71	0.010
8607	71	0.010
8215	72	0.010
7904	72	0.010
7870	73	0.010
8211	73	0.010
7967	72	0.010
7422	72	0.010
8675	74	0.010
7818	77	0.010
8457	77	0.010
8890	77	0.010
8210	73	0.010
8183	73	0.010
8756	73	0.010
8809	73	0.010
8280	73	0.010
8103	73	0.010
8050	73	0.010
8879	73	0.010
7958	73	0.010
7630	73	0.010
8871	73	0.010
7422	73	0.010
7833	73	0.010
8507	73	0.010
8308	73	0.010
7218	73	0.010
7359	73	0.010
7637	72	0.010
7902	70	0.010
8822	70	0.010
8262	74	0.010
9035	77	0.010
8634	77	0.010
9165	74	0.010
7632	71	0.010
7527	71	0.010
7742	71	0.010
8362	70	0.010
7285	70	0.010
7730	71	0.010
8061	71	0.010
8141	72	0.010
7671	72	0.010
7885	72	0.010
8600	73	0.010
7237	72	0.010
8913	73	0.010
7362	74	0.010
7685	76	0.010
7768	78	0.010
7514	78	0.010
8876	76	0.010
7661	74	0.010
9116	73	0.010
8145	74	0.010
7999	75	0.010
8946	75	0.010
8054	74	0.010
8443	73	0.010
8334	73	0.010
7820	73	0.010
8678	74	0.010
8082	75	0.010
7454	75	0.010
8223	76	0.010
8741	75	0.010
8885	77	0.010
8095	77	0.010
8029	74	0.010
7473	73	0.010
7721	73	0.010
8429	73	0.010
8951	76	0.010
7593	76	0.010
8238	74	0.010
8264	73	0.010
8874	72	0.010
9004	72	0.010
7501	74	0.010
8369	74	0.010
7522	73	0.010
7721	72	0.010
7260	72	0.010
7894	73	0.010
8477	74	0.010
7328	73	0.010
8421	72	0.010
8712	72	0.010
7705	73	0.010
7944	75	0.010
7356	76	0.010
8011	75	0.010
7234	73	0.010
7585	73	0.010
7238	72	0.010
8525	72	0.010
7680	74	0.010
9007	73	0.010
9065	73	0.010
8035	72	0.010
7639	73	0.010
8908	73	0.010
7619	75	0.010
7682	75	0.010
8336	75	0.010
8954	74	0.010
7218	76	0.010
7977	76	0.010
8779	78	0.010
9121	76	0.010
8845	76	0.010
7626	72	0.010
8828	72	0.010
7200	75	0.010
8474	78	0.010
7488	77	0.010
7414	75	0.010
8738	75	0.010
7656	75	0.010
7927	75	0.010
7526	74	0.010
7689	73	0.010
8656	73	0.010
7218	73	0.010
8787	74	0.010
7599	74	0.010
8976	73	0.010
8065	73	0.010
8700	72	0.010
8117	72	0.010
8717	72	0.010
7607	75	0.010
9187	75	0.010
8134	74	0.010
8329	72	0.010
8930	72	0.010
8300	72	0.010
7503	73	0.010
8188	73	0.010
9112	73	0.010
7992	72	0.010
8181	72	0.010
8595	73	0.010
8373	74	0.010
8792	74	0.010
7478	74	0.010
8302	73	0.010
7392	73	0.010
8773	77	0.010
8561	79	0.010
7340	79	0.010
8446	74	0.010
8544	74	0.010
7227	76	0.010
8320	79	0.010
8231	79	0.010
7363	78	0.010
7908	77	0.010
8063	77	0.010
7321	77	0.010
7314	77	0.010
7782	75	0.010
8683	75	0.010
8788	75	0.010
7659	75	0.010
7799	76	0.010
8351	76	0.010
7360	73	0.010
7310	71	0.010
8671	72	0.010
8852	73	0.010
8973	73	0.010
8400	79	0.010
8297	79	0.010
7294	79	0.010
8034	79	0.010
7572	79	0.010
7900	76	0.010
8038	76	0.010
7511	75	0.010
8632	75	0.010
8469	75	0.010
8023	75	0.010
8459	75	0.010
8053	75	0.010
8845	75	0.010
8815	75	0.010
7640	75	0.010
7921	75	0.010
8325	75	0.010
8118	81	0.010
8740	79	0.010
7386	76	0.010
8759	77	0.010
7419	80	0.010
7478	80	0.010
8188	79	0.010
7825	78	0.010
8797	78	0.010
9164	77	0.010
8424	76	0.010
8481	77	0.010
8961	78	0.010
9170	78	0.010
7452	78	0.010
7795	77	0.010
9110	77	0.010
8422	77	0.010
7587	77	0.010
8574	77	0.010
9113	77	0.010
7768	77	0.010
8096	77	0.010
8813	77	0.010
7806	77	0.010
8945	77	0.010
8329	77	0.010
9071	77	0.010
8194	77	0.010
7982	77	0.010
7893	75	0.010
8481	75	0.010
8240	75	0.010
8356	76	0.010
7429	76	0.010
8322	76	0.010
8459	76	0.010
8535	78	0.010
8278	78	0.010
8359	78	0.010
9093	78	0.010
7783	76	0.010
7435	77	0.010
7494	78	0.010
7379	80	0.010
7831	80	0.010
8849	78	0.010
7385	78	0.010
7896	78	0.010
8142	78	0.010
8773	78	0.010
8408	78	0.010
7333	78	0.010
9082	78	0.010
8161	78	0.010
7841	79	0.010
8143	77	0.010
8901	75	0.010
9020	76	0.010
8833	78	0.010
8893	78	0.010
8413	78	0.010
9156	78	0.010
8976	78	0.010
7490	75	0.010
9035	76	0.010
7496	77	0.010
7981	76	0.010
7693	76	0.010
8834	76	0.010
7223	76	0.010
8512	78	0.010
9122	78	0.010
8969	76	0.010
7312	76	0.010
8358	78	0.010
8715	81	0.010
7803	81	0.010
8330	78	0.010
8839	77	0.010
7211	76	0.010
7448	78	0.010
7704	78	0.010
9049	78	0.010
7513	77	0.010
9135	77	0.010
7978	77	0.010
8209	77	0.010
7839	77	0.010
7301	77	0.010
8957	77	0.010
7434	78	0.010
8088	79	0.010
9074	79	0.010
8717	79	0.010
7546	78	0.010
7865	76	0.010
7528	75	0.010
7837	79	0.010
8523	79	0.010
7790	79	0.010
8268	78	0.010
8800	76	0.010
8413	76	0.010
8730	76	0.010
8287	78	0.010
7922	76	0.010
8872	77	0.010
7942	77	0.010
8279	77	0.010
8020	76	0.010
8721	77	0.010
8137	76	0.010
7389	75	0.010
7283	75	0.010
8298	77	0.010
8604	77	0.010
7515	78	0.010
7310	78	0.010
8776	76	0.010
8071	75	0.010
8424	76	0.010
8844	80	0.010
7909	79	0.010
7670	76	0.010
7961	76	0.010
8702	76	0.010
7345	78	0.010
7307	78	0.010
8646	79	0.010
7238	79	0.010
7834	78	0.010
7890	79	0.010
9024	81	0.010
9125	81	0.010
7651	78	0.010
8158	77	0.010
9096	77	0.010
7720	81	0.010
7584	81	0.010
7388	79	0.010
7257	79	0.010
8123	79	0.010
9140	79	0.010
8947	78	0.010
7641	78	0.010
8816	77	0.010
7679	77	0.010
7198	77	0.010
8533	78	0.010
7960	78	0.010
7835	74	0.010
8623	74	0.010
7242	75	0.010
7572	75	0.010
7420	77	0.010
7486	78	0.010
7322	77	0.010
7429	74	0.010
7965	74	0.010
8457	75	0.010
8506	76	0.010
9092	77	0.010
8021	77	0.010
7735	77	0.010
8251	77	0.010
9110	77	0.010
8956	78	0.010
7862	78	0.010
8733	75	0.010
8788	75	0.010
8189	80	0.010
7355	81	0.010
8988	81	0.010
8158	81	0.010
7885	79	0.010
8004	79	0.010
8169	81	0.010
7732	82	0.010
8648	82	0.010
9073	80	0.010
8310	79	0.010
7971	79	0.010
7926	78	0.010
8129	78	0.010
8507	78	0.010
9077	78	0.010
8751	78	0.010
9061	78	0.010
8060	78	0.010
8750	77	0.010
8566	75	0.010
8170	75	0.010
7525	75	0.010
7239	79	0.010
7466	79	0.010
8133	75	0.010
7599	75	0.010
7763	75	0.010
8615	75	0.010
9081	75	0.010
7472	75	0.010
8956	75	0.010
7906	76	0.010
8080	76	0.010
7864	76	0.010
8461	77	0.010
9001	77	0.010
8964	77	0.010
8788	77	0.010
9031	78	0.010
7842	81	0.010
8902	81	0.010
8985	81	0.010
8054	81	0.010
7480	81	0.010
8337	81	0.010
7264	81	0.010
7359	81	0.010
7512	79	0.010
9116	78	0.010
8999	78	0.010
8247	77	0.010
7896	78	0.010
8354	78	0.010
8788	78	0.010
8846	78	0.010
9085	78	0.010
7915	78	0.010
8721	76	0.010
7739	75	0.010
9048	75	0.010
8207	77	0.010
7945	78	0.010
8027	78	0.010
8227	76	0.010
8448	76	0.010
8359	76	0.010
7349	76	0.010
7489	76	0.010
9082	76	0.010
7253	76	0.010
7872	76	0.010
8466	76	0.010
7722	76	0.010
8673	76	0.010
9024	76	0.010
9170	76	0.010
7569	76	0.010
7850	78	0.010
8310	82	0.010
8906	82	0.010
7222	82	0.010
7219	77	0.010
9053	78	0.010
8498	79	0.010
8427	79	0.010
8514	77	0.010
8380	75	0.010
8869	75	0.010
9146	77	0.010
7438	78	0.010
8908	79	0.010
8328	79	0.010
8663	79	0.010
7921	79	0.010
7504	81	0.010
9094	81	0.010
7342	81	0.010
7976	81	0.010
8214	81	0.010
8738	81	0.010
8718	81	0.010
9082	81	0.010
8778	77	0.010
7830	75	0.010
8300	75	0.010
8832	77	0.010
8818	77	0.010
7353	76	0.010
8240	76	0.010
8910	76	0.010
8133	75	0.010
7382	75	0.010
7346	76	0.010
7247	76	0.010
7919	75	0.010
7865	75	0.010
7287	76	0.010
7479	79	0.010
8443	78	0.010
8022	76	0.010
7556	75	0.010
8799	75	0.010
9057	76	0.010
8695	77	0.010
8489	77	0.010
8022	75	0.010
7253	75	0.010
8861	76	0.010
7496	77	0.010
8708	78	0.010
8058	78	0.010
7926	76	0.010
8154	76	0.010
8535	79	0.010
8072	81	0.010
7506	80	0.010
7709	78	0.010
7207	75	0.010
8129	75	0.010
8318	75	0.010
7641	80	0.010
8431	80	0.010
7373	76	0.010
8699	76	0.010
8945	78	0.010
9179	78	0.010
8885	78	0.010
7788	78	0.010
7760	77	0.010
7563	77	0.010
8005	75	0.010
7302	75	0.010
7623	73	0.010
7687	73	0.010
8006	73	0.010
8948	74	0.010
7915	78	0.010
7304	78	0.010
7293	77	0.010
8011	75	0.010
8341	73	0.010
7738	73	0.010
7835	76	0.010
7605	77	0.010
9072	76	0.010
8164	75	0.010
7672	75	0.010
7391	75	0.010
8833	77	0.010
8346	77	0.010
7569	76	0.010
8148	75	0.010
7591	75	0.010
7675	79	0.010
7901	81	0.010
7242	81	0.010
7667	78	0.010
7905	77	0.010
9123	78	0.010
7625	81	0.010
8251	81	0.010
8527	79	0.010
8939	79	0.010
9054	79	0.010
8812	79	0.010
8999	79	0.010
8674	78	0.010
9114	78	0.010
7485	78	0.010
7272	78	0.010
8956	78	0.010
9095	75	0.010
7575	72	0.010
7343	72	0.010
8716	76	0.010
8465	76	0.010
9085	77	0.010
7650	78	0.010
8260	78	0.010
7909	76	0.010
7760	76	0.010
8186	78	0.010
8959	78	0.010
8409	77	0.010
8565	77	0.010
8051	77	0.010
7412	77	0.010
7411	77	0.010
8238	77	0.010
7681	77	0.010
9151	77	0.010
7800	78	0.010
8853	80	0.010
8779	81	0.010
7759	81	0.010
7506	79	0.010
8252	79	0.010
7821	81	0.010
9068	83	0.010
7374	83	0.010
8519	80	0.010
8977	79	0.010
8028	80	0.010
8822	79	0.010
7998	79	0.010
7336	78	0.010
8456	78	0.010
8150	79	0.010
7342	78	0.010
8001	78	0.010
8256	78	0.010
7927	75	0.010
7214	75	0.010
7938	79	0.010
8747	80	0.010
8735	79	0.010
8372	78	0.010
7341	78	0.010
8942	78	0.010
8351	77	0.010
7505	76	0.010
9148	77	0.010
8982	77	0.010
8876	77	0.010
7555	77	0.010
9180	78	0.010
8676	78	0.010
8269	78	0.010
7222	78	0.010
7611	78	0.010
8376	80	0.010
7369	84	0.010
7239	84	0.010
7799	84	0.010
8605	84	0.010
7914	80	0.010
8899	80	0.010
8679	80	0.010
8902	80	0.010
7283	80	0.010
7400	79	0.010
8883	80	0.010
7767	80	0.010
8787	80	0.010
7509	80	0.010
8146	81	0.010
8203	81	0.010
8754	81	0.010
9032	81	0.010
8059	81	0.010
8858	81	0.010
8640	81	0.010
9176	81	0.010
7568	81	0.010
8394	79	0.010
8898	78	0.010
8791	77	0.010
8712	77	0.010
8010	79	0.010
8324	79	0.010
7265	78	0.010
7267	78	0.010
7384	77	0.010
8575	78	0.010
8898	78	0.010
8400	78	0.010
8973	78	0.010
8755	78	0.010
8876	78	0.010
7348	78	0.010
8063	78	0.010
9075	78	0.010
9099	79	0.010
8677	79	0.010
9182	80	0.010
8304	79	0.010
9171	78	0.010
8467	78	0.010
7225	78	0.010
9055	79	0.010
7285	79	0.010
7473	79	0.010
7318	79	0.010
7639	80	0.010
8655	81	0.010
7736	81	0.010
7661	81	0.010
7673	77	0.010
9050	77	0.010
7331	78	0.010
7964	80	0.010
7672	81	0.010
8799	79	0.010
8936	79	0.010
8939	79	0.010
7641	79	0.010
9004	79	0.010
8676	79	0.010
7694	79	0.010
7522	79	0.010
9074	78	0.010
9127	78	0.010
8048	78	0.010
7528	78	0.010
9066	78	0.010
8455	76	0.010
8805	76	0.010
8138	81	0.010
8049	81	0.010
7766	81	0.010
8638	78	0.010
7579	78	0.010
7272	79	0.010
8738	82	0.010
9035	80	0.010
7995	77	0.010
8790	78	0.010
8799	78	0.010
7575	78	0.010
7618	78	0.010
8544	78	0.010
8263	78	0.010
8441	78	0.010
7341	78	0.010
7910	78	0.010
8136	82	0.010
8369	82	0.010
9032	80	0.010
8532	80	0.010
7364	81	0.010
9145	81	0.010
8215	81	0.010
8661	80	0.010
8352	80	0.010
8695	80	0.010
8602	80	0.010
7620	80	0.010
7978	79	0.010
8208	79	0.010
8928	79	0.010
7635	78	0.010
8863	78	0.010
7433	78	0.010
7646	76	0.010
7289	76	0.010
8239	78	0.010
7305	78	0.010
7789	78	0.010
8012	77	0.010
8086	77	0.010
8692	77	0.010
8612	78	0.010
8696	78	0.010
7195	78	0.010
8008	78	0.010
7669	79	0.010
8595	80	0.010
8881	80	0.010
8185	79	0.010
8457	79	0.010
7199	79	0.010
7977	79	0.010
8609	79	0.010
8954	84	0.010
7924	83	0.010
8190	79	0.010
8362	79	0.010
8279	84	0.010
8207	85	0.010
8886	82	0.010
9044	81	0.010
8207	81	0.010
8622	81	0.010
8912	80	0.010
8882	79	0.010
8524	79	0.010
8526	81	0.010
8996	81	0.010
9068	80	0.010
8432	78	0.010
8581	77	0.010
7194	77	0.010
8090	77	0.010
7683	79	0.010
7896	79	0.010
8925	78	0.010
8344	77	0.010
9004	77	0.010
7407	78	0.010
8396	78	0.010
8039	77	0.010
7663	77	0.010
8311	77	0.010
9152	78	0.010
7207	78	0.010
9037	78	0.010
7379	78	0.010
7645	78	0.010
7505	79	0.010
7727	81	0.010
8007	84	0.010
7270	83	0.010
7720	80	0.010
8848	79	0.010
7707	80	0.010
8923	82	0.010
8405	80	0.010
7508	80	0.010
7611	79	0.010
9030	80	0.010
8745	80	0.010
7974	79	0.010
7481	79	0.010
8383	79	0.010
7594	79	0.010
8220	80	0.010
7492	79	0.010
9076	79	0.010
8300	77	0.010
9067	77	0.010
7930	78	0.010
8316	81	0.010
7275	81	0.010
8463	78	0.010
7510	75	0.010
8244	75	0.010
8611	75	0.010
7450	77	0.010
7685	77	0.010
8460	77	0.010
7219	76	0.010
7496	76	0.010
7816	77	0.010
8523	78	0.010
8924	78	0.010
7694	78	0.010
7873	78	0.010
8859	78	0.010
7545	84	0.010
8624	84	0.010
7859	80	0.010
8313	79	0.010
7206	79	0.010
7825	81	0.010
8916	81	0.010
8768	80	0.010
8248	78	0.010
8276	77	0.010
7773	77	0.010
8675	77	0.010
8168	80	0.010
7767	80	0.010
8868	80	0.010
8989	81	0.010
7479	81	0.010
8629	81	0.010
8061	79	0.010
7214	77	0.010
8664	78	0.010
8105	78	0.010
7209	81	0.010
8314	80	0.010
8470	78	0.010
7739	76	0.010
8381	78	0.010
9050	78	0.010
7982	78	0.010
8227	77	0.010
7509	77	0.010
7192	77	0.010
8453	77	0.010
8660	77	0.010
7796	77	0.010
7668	77	0.010
9056	76	0.010
8250	77	0.010
9065	78	0.010
7819	80	0.010
8996	80	0.010
8548	76	0.010
7680	75	0.010
8940	76	0.010
8271	77	0.010
8012	78	0.010
8857	77	0.010
7862	77	0.010
9125	76	0.010
8397	77	0.010
7809	78	0.010
7284	78	0.010
8139	78	0.010
8644	78	0.010
7780	80	0.010
8899	81	0.010
8903	81	0.010
8630	79	0.010
8670	77	0.010
8014	77	0.010
8961	78	0.010
8031	82	0.010
8152	82	0.010
7582	79	0.010
7705	78	0.010
8778	78	0.010
8737	78	0.010
7331	78	0.010
7233	78	0.010
7871	78	0.010
7393	77	0.010
8019	76	0.010
7995	76	0.010
7888	77	0.010
7214	76	0.010
7857	75	0.010
8943	75	0.010
7944	76	0.010
8946	76	0.010
8014	76	0.010
7831	76	0.010
8069	76	0.010
7421	76	0.010
8639	76	0.010
8758	76	0.010
7960	76	0.010
8647	75	0.010
7401	76	0.010
7850	76	0.010
7524	78	0.010
8713	77	0.010
9078	77	0.010
9145	77	0.010
7935	77	0.010
8561	77	0.010
8296	82	0.010
7688	82	0.010
7509	80	0.010
8201	80	0.010
9128	80	0.010
9001	80	0.010
8301	80	0.010
7301	80	0.010
7728	80	0.010
8998	80	0.010
8882	80	0.010
8378	78	0.010
8605	78	0.010
8570	79	0.010
8155	79	0.010
8740	79	0.010
8378	78	0.010
7979	77	0.010
7408	75	0.010
8047	75	0.010
8003	75	0.010
8570	77	0.010
8939	81	0.010
7746	81	0.010
8874	77	0.010
7986	76	0.010
8303	79	0.010
7241	79	0.010
8172	78	0.010
9184	77	0.010
9046	77	0.010
8784	78	0.010
8414	78	0.010
8098	78	0.010
8827	78	0.010
7311	78	0.010
8527	78	0.010
8277	78	0.010
7996	78	0.010
8720	78	0.010
8686	78	0.010
7861	78	0.010
7988	78	0.010
9182	78	0.010
8437	78	0.010
8668	78	0.010
9139	78	0.010
7772	78	0.010
9100	78	0.010
8704	78	0.010
8664	78	0.010
7791	78	0.010
7442	81	0.010
7697	81	0.010
7644	79	0.010
8013	77	0.010
7552	77	0.010
8692	77	0.010
8324	78	0.010
7519	79	0.010
8478	81	0.010
7895	81	0.010
8269	76	0.010
7842	76	0.010
8121	78	0.010
8401	78	0.010
8403	78	0.010
7382	78	0.010
7830	78	0.010
7605	78	0.010
8456	79	0.010
9167	79	0.010
8626	79	0.010
7197	78	0.010
8265	79	0.010
7677	81	0.010
7901	84	0.010
8531	84	0.010
7915	84	0.010
7346	79	0.010
7821	79	0.010
8633	81	0.010
7941	82	0.010
7261	81	0.010
9117	80	0.010
8568	80	0.010
8795	81	0.010
7357	81	0.010
8305	81	0.010
7413	81	0.010
8385	82	0.010
7333	82	0.010
7290	81	0.010
8452	79	0.010
7559	78	0.010
8925	78	0.010
9166	80	0.010
8984	83	0.010
8596	83	0.010
7935	81	0.010
7573	78	0.010
8455	78	0.010
7632	78	0.010
8357	79	0.010
9015	79	0.010
8496	79	0.010
7556	79	0.010
7243	79	0.010
8428	79	0.010
7342	78	0.010
8297	78	0.010
8730	79	0.010
7316	81	0.010
9045	82	0.010
7378	82	0.010
9047	80	0.010
9098	79	0.010
8565	79	0.010
8626	80	0.010
8951	81	0.010
7926	80	0.010
7754	78	0.010
8708	79	0.010
9051	80	0.010
8298	80	0.010
8334	81	0.010
8748	81	0.010
7580	81	0.010
9068	81	0.010
8502	81	0.010
8664	81	0.010
8353	79	0.010
8175	78	0.010
8384	78	0.010
8206	79	0.010
8202	81	0.010
7900	81	0.010
8618	80	0.010
9188	78	0.010
7812	78	0.010
8294	80	0.010
7207	80	0.010
8846	79	0.010
7859	78	0.010
7555	78	0.010
8953	78	0.010
8250	78	0.010
7505	78	0.010
8459	78	0.010
9074	78	0.010
8202	77	0.010
7310	80	0.010
8634	81	0.010
9127	81	0.010
9120	81	0.010
7712	81	0.010
7394	81	0.010
7724	81	0.010
7386	80	0.010
8086	78	0.010
8280	78	0.010
8274	79	0.010
7451	80	0.010
9113	80	0.010
7867	80	0.010
7966	80	0.010
8074	80	0.010
8218	81	0.010
7762	82	0.010
8582	82	0.010
7736	81	0.010
7504	81	0.010
8760	81	0.010
9167	82	0.010
8959	82	0.010
8102	81	0.010
7567	81	0.010
8601	81	0.010
8924	81	0.010
9092	80	0.010
7387	79	0.010
9090	79	0.010
8155	79	0.010
7816	79	0.010
8267	80	0.010
8943	79	0.010
8795	76	0.010
8948	76	0.010
8962	78	0.010
7656	79	0.010
7218	80	0.010
8220	80	0.010
8963	77	0.010
8062	76	0.010
8808	78	0.010
7585	80	0.010
8289	80	0.010
8431	79	0.010
8930	79	0.010
7477	79	0.010
8048	79	0.010
7227	79	0.010
7231	79	0.010
8104	79	0.010
7598	79	0.010
8071	79	0.010
8368	83	0.010
7703	83	0.010
7314	83	0.010
8241	83	0.010
8784	81	0.010
7512	84	0.010
9133	84	0.010
8226	82	0.010
8786	82	0.010
7548	81	0.010
7451	81	0.010
8983	80	0.010
7687	79	0.010
8553	79	0.010
8818	79	0.010
9039	79	0.010
7919	79	0.010
7732	79	0.010
8805	79	0.010
8062	79	0.010
7793	79	0.010
7990	79	0.010
7465	79	0.010
7947	80	0.010
8875	77	0.010
8162	76	0.010
9016	76	0.010
7892	78	0.010
8340	78	0.010
8964	78	0.010
8460	77	0.010
8102	78	0.010
8942	78	0.010
7499	79	0.010
8604	78	0.010
8771	78	0.010
8344	80	0.010
9168	82	0.010
8320	83	0.010
7205	83	0.010
7341	81	0.010
8948	81	0.010
9078	83	0.010
8981	83	0.010
8591	83	0.010
7365	80	0.010
9083	80	0.010
7796	80	0.010
7214	80	0.010
8530	80	0.010
7524	80	0.010
7253	80	0.010
8347	80	0.010
9017	80	0.010
7461	80	0.010
9139	80	0.010
8118	80	0.010
7880	80	0.010
8760	80	0.010
9178	80	0.010
8773	80	0.010
7236	80	0.010
7557	80	0.010
7290	80	0.010
8532	80	0.010
8277	75	0.010
8126	78	0.010
7498	78	0.010
8951	78	0.010
8894	77	0.010
8147	77	0.010
7511	77	0.010
7890	78	0.010
8094	79	0.010
8923	79	0.010
7242	81	0.010
7336	82	0.010
7728	83	0.010
8658	81	0.010
8273	79	0.010
7300	79	0.010
8452	80	0.010
7270	80	0.010
9140	80	0.010
8712	79	0.010
9015	79	0.010
7218	78	0.010
8564	79	0.010
7506	79	0.010
7764	81	0.010
8984	81	0.010
8130	81	0.010
7396	82	0.010
7633	81	0.010
8497	78	0.010
7675	77	0.010
8809	78	0.010
8652	80	0.010
8383	81	0.010
7309	80	0.010
9000	78	0.010
7426	76	0.010
8397	77	0.010
7580	78	0.010
7915	78	0.010
8277	77	0.010
7324	77	0.010
8988	78	0.010
7362	78	0.010
7929	78	0.010
8378	78	0.010
8739	78	0.010
7707	78	0.010
7580	78	0.010
9019	78	0.010
7337	80	0.010
7689	78	0.010
9055	77	0.010
8431	76	0.010
8198	76	0.010
8457	78	0.010
7955	78	0.010
8563	77	0.010
8068	76	0.010
8551	76	0.010
7355	78	0.010
8588	80	0.010
8036	79	0.010
8146	78	0.010
8601	78	0.010
9078	81	0.010
8699	83	0.010
8616	81	0.010
8994	78	0.010
8127	78	0.010
7645	78	0.010
8982	80	0.010
8602	81	0.010
8365	80	0.010
8335	79	0.010
7239	79	0.010
7839	79	0.010
7997	79	0.010
7582	77	0.010
8917	77	0.010
8616	77	0.010
8004	78	0.010
8840	80	0.010
8956	80	0.010
7582	76	0.010
8981	75	0.010
8581	76	0.010
8014	77	0.010
9020	78	0.010
7264	78	0.010
8420	78	0.010
8668	75	0.010
7903	74	0.010
9180	74	0.010
8768	78	0.010
9073	77	0.010
8331	76	0.010
7510	77	0.010
8317	77	0.010
7511	78	0.010
8439	78	0.010
9129	78	0.010
7634	78	0.010
7309	78	0.010
8942	78	0.010
8385	83	0.010
7488	83	0.010
8431	78	0.010
8709	77	0.010
7356	78	0.010
8233	83	0.010
9127	83	0.010
8977	82	0.010
7430	81	0.010
7934	80	0.010
8148	81	0.010
9071	80	0.010
8398	79	0.010
7932	79	0.010
8906	80	0.010
8073	80	0.010
8087	78	0.010
8979	78	0.010
8806	77	0.010
9007	75	0.010
8636	76	0.010
7990	80	0.010
7630	81	0.010
8448	80	0.010
8958	75	0.010
7445	75	0.010
9041	78	0.010
7899	81	0.010
7583	81	0.010
9189	78	0.010
8182	78	0.010
7785	78	0.010
8996	79	0.010
7484	79	0.010
9009	78	0.010
7378	78	0.010
8217	79	0.010
8197	81	0.010
8514	85	0.010
8999	85	0.010
8787	80	0.010
8817	80	0.010
8992	81	0.010
8815	81	0.010
8346	81	0.010
8345	81	0.010
8251	81	0.010
7214	81	0.010
8986	81	0.010
9151	81	0.010
7624	81	0.010
9133	81	0.010
8417	81	0.010
7844	81	0.010
8878	81	0.010
7663	79	0.010
9056	77	0.010
8570	77	0.010
8939	79	0.010
7526	81	0.010
8226	82	0.010
9180	80	0.010
8826	80	0.010
7684	77	0.010
8752	77	0.010
8741	79	0.010
7806	78	0.010
7928	78	0.010
7956	78	0.010
9117	78	0.010
8920	78	0.010
7782	79	0.010
7301	79	0.010
7283	79	0.010
7666	79	0.010
8780	84	0.010
8197	84	0.010
8467	83	0.010
8253	80	0.010
8711	80	0.010
8173	81	0.010
9181	81	0.010
7481	82	0.010
9079	81	0.010
7810	81	0.010
8839	81	0.010
7469	81	0.010
7983	82	0.010
7342	81	0.010
7246	81	0.010
8285	81	0.010
8697	81	0.010
7677	81	0.010
7394	80	0.010
8788	79	0.010
8483	79	0.010
8821	81	0.010
9172	82	0.010
8760	82	0.010
7917	79	0.010
8266	79	0.010
7356	79	0.010
7944	79	0.010
9087	79	0.010
8168	79	0.010
8688	78	0.010
7792	80	0.010
9134	81	0.010
8609	80	0.010
7333	78	0.010
8732	79	0.010
8187	80	0.010
7306	82	0.010
8233	83	0.010
8287	83	0.010
8039	80	0.010
8157	80	0.010
7895	80	0.010
8062	81	0.010
9141	81	0.010
8011	81	0.010
8134	81	0.010
7811	80	0.010
8364	80	0.010
7421	80	0.010
8743	81	0.010
9077	81	0.010
7956	81	0.010
8280	82	0.010
7495	82	0.010
7986	81	0.010
8949	79	0.010
8731	79	0.010
7229	80	0.010
8789	80	0.010
7248	81	0.010
8111	81	0.010
7969	79	0.010
7431	79	0.010
8370	79	0.010
8338	79	0.010
8587	79	0.010
8579	79	0.010
8171	80	0.010
8757	80	0.010
8714	79	0.010
9094	79	0.010
7412	79	0.010
8017	78	0.010
8619	78	0.010
7369	78	0.010
8617	82	0.010
8709	82	0.010
8258	82	0.010
7700	82	0.010
8203	82	0.010
8552	82	0.010
8262	82	0.010
7356	82	0.010
8932	82	0.010
8896	82	0.010
7552	80	0.010
9147	81	0.010
8242	81	0.010
7777	81	0.010
7894	81	0.010
7527	81	0.010
8396	84	0.010
8824	84	0.010
8146	82	0.010
7638	81	0.010
9190	80	0.010
7656	81	0.010
7549	83	0.010
9072	81	0.010
9154	81	0.010
9016	81	0.010
8598	81	0.010
9069	81	0.010
7583	81	0.010
7336	80	0.010
8422	80	0.010
8145	79	0.010
8324	79	0.010
7271	79	0.010
9123	79	0.010
7268	78	0.010
8967	77	0.010
7467	78	0.010
8688	81	0.010
8867	81	0.010
8179	78	0.010
9175	78	0.010
8848	77	0.010
8799	78	0.010
7569	78	0.010
8634	78	0.010
8304	78	0.010
7199	79	0.010
8687	80	0.010
7983	81	0.010
8447	80	0.010
8000	79	0.010
8428	80	0.010
8158	81	0.010
8488	83	0.010
8728	83	0.010
7675	83	0.010
8719	81	0.010
7298	81	0.010
7326	84	0.010
7453	85	0.010
8293	85	0.010
7613	83	0.010
7852	82	0.010
8009	81	0.010
8498	81	0.010
8064	80	0.010
7245	80	0.010
9119	81	0.010
7578	81	0.010
8120	79	0.010
7742	78	0.010
8956	78	0.010
8879	78	0.010
8102	78	0.010
8882	80	0.010
8512	83	0.010
8457	80	0.010
7955	78	0.010
7852	78	0.010
9005	78	0.010
7905	77	0.010
7749	77	0.010
8898	78	0.010
7860	78	0.010
7240	78	0.010
8542	79	0.010
9139	79	0.010
7256	79	0.010
9088	78	0.010
8589	79	0.010
8538	82	0.010
7586	85	0.010
7304	85	0.010
8987	82	0.010
9025	82	0.010
7973	82	0.010
7630	83	0.010
8375	81	0.010
8686	81	0.010
8491	81	0.010
7982	80	0.010
8541	80	0.010
8526	80	0.010
8295	80	0.010
8485	80	0.010
8532	80	0.010
8671	80	0.010
7796	80	0.010
8902	79	0.010
8288	78	0.010
8888	77	0.010
8350	77	0.010
7335	77	0.010
7235	77	0.010
9066	77	0.010
7706	77	0.010
7320	77	0.010
8052	77	0.010
8528	77	0.010
8137	77	0.010
7217	77	0.010
8139	78	0.010
7276	78	0.010
8907	78	0.010
8923	78	0.010
8977	78	0.010
8993	78	0.010
7404	78	0.010
8462	81	0.010
7653	81	0.010
7627	84	0.010
8378	82	0.010
7269	81	0.010
7787	81	0.010
8148	81	0.010
7355	80	0.010
9104	79	0.010
8132	78	0.010
8327	79	0.010
7841	79	0.010
8534	80	0.010
8847	80	0.010
7369	80	0.010
9099	82	0.010
7681	82	0.010
8163	82	0.010
8067	81	0.010
8615	78	0.010
8598	78	0.010
8417	79	0.010
8783	81	0.010
7708	81	0.010
9072	79	0.010
7378	76	0.010
8834	76	0.010
8633	78	0.010
7238	78	0.010
7569	78	0.010
8104	78	0.010
9138	77	0.010
8274	77	0.010
8675	79	0.010
8310	80	0.010
8347	79	0.010
8948	77	0.010
8476	78	0.010
7948	79	0.010
8592	81	0.010
9150	80	0.010
9025	77	0.010
8412	77	0.010
8260	78	0.010
7752	78	0.010
8053	78	0.010
9113	78	0.010
8685	78	0.010
7237	78	0.010
7230	78	0.010
7505	78	0.010
8745	81	0.010
8212	81	0.010
9160	79	0.010
9000	80	0.010
7722	82	0.010
7814	82	0.010
8441	82	0.010
7206	78	0.010
8339	78	0.010
8272	80	0.010
8653	81	0.010
7357	81	0.010
7208	78	0.010
7215	78	0.010
8496	79	0.010
8151	80	0.010
8901	78	0.010
8534	77	0.010
8886	79	0.010
8111	79	0.010
8731	79	0.010
7357	79	0.010
9028	77	0.010
8085	75	0.010
7457	75	0.010
8834	76	0.010
7911	78	0.010
7639	80	0.010
8092	78	0.010
7775	77	0.010
8727	75	0.010
7955	75	0.010
7410	78	0.010
8435	77	0.010
8280	76	0.010
7839	77	0.010
8030	78	0.010
7835	78	0.010
8441	79	0.010
8157	79	0.010
7567	79	0.010
8581	79	0.010
8498	79	0.010
9144	79	0.010
8710	79	0.010
7984	79	0.010
8227	79	0.010
7327	79	0.010
7261	79	0.010
8504	79	0.010
9121	79	0.010
8480	80	0.010
8284	80	0.010
7722	80	0.010
7608	80	0.010
7479	80	0.010
7373	78	0.010
7333	78	0.010
8866	78	0.010
8917	78	0.010
7373	78	0.010
9044	78	0.010
8861	78	0.010
7881	77	0.010
8644	79	0.010
8124	81	0.010
7968	81	0.010
8328	77	0.010
7647	76	0.010
8947	76	0.010
8455	81	0.010
9157	81	0.010
8783	79	0.010
9160	79	0.010
8064	78	0.010
8644	78	0.010
7529	79	0.010
8348	79	0.010
7259	78	0.010
7195	79	0.010
8135	82	0.010
8794	83	0.010
8946	84	0.010
7843	81	0.010
8529	79	0.010
8232	80	0.010
7324	84	0.010
7310	85	0.010
7615	83	0.010
8261	82	0.010
8702	81	0.010
8094	81	0.010
7213	80	0.010
7405	80	0.010
8556	80	0.010
7910	80	0.010
8558	80	0.010
8540	80	0.010
9156	79	0.010
8522	78	0.010
7706	78	0.010
7787	79	0.010
8763	81	0.010
7604	81	0.010
7327	79	0.010
7522	78	0.010
9054	78	0.010
8848	78	0.010
8605	78	0.010
8377	78	0.010
7273	78	0.010
8958	78	0.010
7875	78	0.010
8350	79	0.010
7654	79	0.010
8574	79	0.010
8599	78	0.010
8955	80	0.010
7268	82	0.010
8028	83	0.010
7291	83	0.010
8983	81	0.010
9000	81	0.010
8649	81	0.010
7532	82	0.010
7359	82	0.010
8852	81	0.010
8767	81	0.010
8974	81	0.010
8205	81	0.010
7323	81	0.010
8321	81	0.010
7645	81	0.010
7504	82	0.010
8632	83	0.010
7862	82	0.010
8943	79	0.010
7261	78	0.010
7768	79	0.010
8922	81	0.010
8068	81	0.010
8449	80	0.010
7204	79	0.010
7387	79	0.010
8001	79	0.010
7274	79	0.010
7411	79	0.010
7467	79	0.010
8340	79	0.010
8981	80	0.010
8781	80	0.010
8742	80	0.010
8508	80	0.010
7988	80	0.010
8956	80	0.010
8150	80	0.010
7346	80	0.010
7548	80	0.010
7300	80	0.010
7329	79	0.010
7668	80	0.010
9079	81	0.010
7631	81	0.010
8033	78	0.010
7655	78	0.010
7638	79	0.010
7483	79	0.010
8915	80	0.010
8299	80	0.010
7224	81	0.010
8617	81	0.010
7779	81	0.010
8429	82	0.010
8731	82	0.010
7991	79	0.010
7999	79	0.010
8846	79	0.010
9008	80	0.010
7701	81	0.010
8395	81	0.010
7994	80	0.010
8720	78	0.010
7701	78	0.010
7405	80	0.010
7730	80	0.010
7229	78	0.010
7973	77	0.010
7256	78	0.010
8960	78	0.010
8884	79	0.010
7367	78	0.010
7689	79	0.010
7776	78	0.010
8431	79	0.010
7245	80	0.010
7926	81	0.010
8765	80	0.010
8819	78	0.010
8316	78	0.010
7698	79	0.010
8107	82	0.010
7425	83	0.010
9105	78	0.010
8911	78	0.010
8656	80	0.010
8535	80	0.010
9099	80	0.010
7716	80	0.010
8988	81	0.010
8659	81	0.010
9002	83	0.010
8995	83	0.010
8478	82	0.010
8886	81	0.010
7491	81	0.010
8437	82	0.010
7708	84	0.010
8585	83	0.010
7511	81	0.010
8372	81	0.010
7618	80	0.010
7853	80	0.010
9029	80	0.010
8413	79	0.010
7194	79	0.010
8925	81	0.010
8225	81	0.010
8685	78	0.010
7231	78	0.010
8530	78	0.010
7415	78	0.010
8443	78	0.010
7647	78	0.010
7699	81	0.010
8169	81	0.010
7238	76	0.010
8620	76	0.010
8070	79	0.010
8873	79	0.010
9029	78	0.010
8779	78	0.010
7722	78	0.010
7701	80	0.010
7274	81	0.010
8285	80	0.010
7964	80	0.010
8364	80	0.010
8149	81	0.010
7322	81	0.010
8239	83	0.010
8255	83	0.010
7445	81	0.010
9090	81	0.010
8014	81	0.010
8663	84	0.010
8465	83	0.010
7665	82	0.010
7944	81	0.010
7978	82	0.010
8879	81	0.010
7401	80	0.010
8106	80	0.010
8342	81	0.010
8966	81	0.010
7724	80	0.010
9000	79	0.010
7353	78	0.010
8768	78	0.010
8877	77	0.010
8345	79	0.010
7856	81	0.010
8614	82	0.010
8247	79	0.010
9080	76	0.010
7333	77	0.010
8151	77	0.010
8166	77	0.010
7666	76	0.010
8021	78	0.010
7614	78	0.010
8332	79	0.010
8981	79	0.010
8459	79	0.010
7757	79	0.010
8738	78	0.010
9106	81	0.010
7303	85	0.010
9011	85	0.010
7795	82	0.010
7196	81	0.010
8916	81	0.010
8354	82	0.010
7326	82	0.010
8357	81	0.010
7536	80	0.010
7506	80	0.010
8310	80	0.010
7853	80	0.010
7313	79	0.010
7796	79	0.010
8199	79	0.010
8949	80	0.010
9045	80	0.010
9187	80	0.010
8723	80	0.010
8203	79	0.010
8796	78	0.010
7425	81	0.010
9154	81	0.010
7416	79	0.010
7870	76	0.010
7808	76	0.010
7979	76	0.010
7771	76	0.010
8733	77	0.010
7666	77	0.010
7340	77	0.010
7503	77	0.010
7734	77	0.010
7848	77	0.010
8725	78	0.010
9111	78	0.010
7764	79	0.010
9026	80	0.010
8596	83	0.010
7749	83	0.010
7284	81	0.010
8422	81	0.010
8829	81	0.010
8935	81	0.010
9156	81	0.010
7968	78	0.010
7296	78	0.010
8549	78	0.010
7278	79	0.010
8465	79	0.010
7427	81	0.010
9010	81	0.010
7824	81	0.010
9088	81	0.010
7347	82	0.010
8382	81	0.010
8362	80	0.010
8774	78	0.010
7438	78	0.010
7698	82	0.010
7630	82	0.010
8682	81	0.010
7885	75	0.010
8505	75	0.010
8260	78	0.010
8131	78	0.010
7884	78	0.010
7434	78	0.010
9139	77	0.010
7501	77	0.010
7316	78	0.010
8445	79	0.010
8385	78	0.010
8275	76	0.010
7995	76	0.010
7609	80	0.010
8267	80	0.010
8222	80	0.010
8796	78	0.010
7805	77	0.010
8292	77	0.010
7720	77	0.010
9054	78	0.010
9022	78	0.010
8435	77	0.010
7640	76	0.010
8726	77	0.010
8701	77	0.010
8252	79	0.010
8926	79	0.010
7966	78	0.010
7622	78	0.010
8067	80	0.010
7247	83	0.010
8036	83	0.010
7574	80	0.010
7390	78	0.010
8316	78	0.010
7955	81	0.010
7643	81	0.010
7795	80	0.010
7571	78	0.010
8490	78	0.010
7377	79	0.010
7396	79	0.010
8388	78	0.010
7394	78	0.010
8295	78	0.010
8480	78	0.010
8104	78	0.010
8511	78	0.010
9045	77	0.010
8445	76	0.010
8686	75	0.010
9186	77	0.010
8699	80	0.010
7195	78	0.010
8473	77	0.010
8250	76	0.010
8067	75	0.010
8417	75	0.010
8710	77	0.010
9017	77	0.010
8038	76	0.010
8815	75	0.010
8795	76	0.010
7855	79	0.010
8419	79	0.010
7261	78	0.010
9046	77	0.010
8192	77	0.010
7614	77	0.010
8800	77	0.010
7550	77	0.010
8333	77	0.010
8641	77	0.010
7802	78	0.010
8571	83	0.010
8470	83	0.010
7673	82	0.010
8472	80	0.010
7820	80	0.010
8702	80	0.010
8774	80	0.010
7713	79	0.010
9129	79	0.010
8086	79	0.010
8739	78	0.010
7215	79	0.010
7629	79	0.010
7970	75	0.010
7366	74	0.010
8577	74	0.010
8974	78	0.010
8333	81	0.010
7936	81	0.010
7571	80	0.010
8691	80	0.010
8126	77	0.010
7292	78	0.010
8327	79	0.010
7766	79	0.010
8288	78	0.010
8414	78	0.010
7543	78	0.010
7910	79	0.010
8007	78	0.010
8924	78	0.010
8201	78	0.010
8939	80	0.010
7941	82	0.010
7365	82	0.010
8944	82	0.010
8305	81	0.010
8179	82	0.010
8571	82	0.010
7507	83	0.010
8047	82	0.010
8043	81	0.010
8327	81	0.010
8797	81	0.010
9067	79	0.010
8143	79	0.010
8519	80	0.010
8130	81	0.010
8641	81	0.010
7552	79	0.010
8249	78	0.010
8825	77	0.010
7430	76	0.010
8835	76	0.010
7608	81	0.010
7788	81	0.010
8651	79	0.010
8226	78	0.010
7288	76	0.010
8994	77	0.010
8317	78	0.010
7414	78	0.010
7692	78	0.010
9100	78	0.010
9077	78	0.010
8769	78	0.010
8964	79	0.010
8609	78	0.010
8215	78	0.010
7960	79	0.010
8769	81	0.010
7663	84	0.010
7565	84	0.010
7583	81	0.010
8842	80	0.010
8196	81	0.010
7526	81	0.010
7238	81	0.010
8933	81	0.010
9188	81	0.010
8805	81	0.010
9032	80	0.010
8996	80	0.010
8158	81	0.010
8088	81	0.010
7876	82	0.010
8945	82	0.010
7210	82	0.010
8890	82	0.010
8060	78	0.010
8011	78	0.010
8352	80	0.010
8710	81	0.010
7979	81	0.010
8173	79	0.010
9148	78	0.010
9053	78	0.010
7479	78	0.010
8948	81	0.010
8827	81	0.010
9050	78	0.010
8509	78	0.010
8949	80	0.010
7923	80	0.010
8279	79	0.010
8482	79	0.010
9169	79	0.010
7265	79	0.010
7554	79	0.010
8687	79	0.010
7614	79	0.010
8849	79	0.010
8914	79	0.010
8313	79	0.010
8548	79	0.010
8048	79	0.010
7704	79	0.010
8914	79	0.010
8893	79	0.010
8934	81	0.010
8760	80	0.010
7645	81	0.010
8824	81	0.010
7215	83	0.010
8931	83	0.010
7594	82	0.010
7786	78	0.010
7446	79	0.010
7234	80	0.010
7302	80	0.010
7774	80	0.010
8713	78	0.010
8635	78	0.010
9176	78	0.010
7859	80	0.010
8765	80	0.010
8936	80	0.010
8333	80	0.010
8704	79	0.010
9083	79	0.010
8960	79	0.010
8856	79	0.010
8428	79	0.010
7851	78	0.010
7917	78	0.010
7733	80	0.010
7420	79	0.010
7245	78	0.010
8456	78	0.010
8965	82	0.010
7632	82	0.010
7717	80	0.010
8144	79	0.010
9043	79	0.010
7395	80	0.010
7832	82	0.010
9036	80	0.010
8921	80	0.010
7795	82	0.010
8949	82	0.010
9045	82	0.010
8016	83	0.010
7586	81	0.010
8979	79	0.010
7620	79	0.010
8746	83	0.010
8980	83	0.010
8609	82	0.010
7854	81	0.010
8869	81	0.010
8717	81	0.010
7802	80	0.010
7817	79	0.010
7640	80	0.010
7347	80	0.010
8463	78	0.010
9001	77	0.010
7728	77	0.010
7659	78	0.010
8839	79	0.010
8017	80	0.010
7636	80	0.010
9061	79	0.010
7675	76	0.010
8264	76	0.010
7862	79	0.010
8962	79	0.010
8313	79	0.010
8810	79	0.010
7640	80	0.010
7467	80	0.010
7443	80	0.010
7756	81	0.010
8209	81	0.010
8447	83	0.010
8709	83	0.010
7981	82	0.010
8795	80	0.010
7603	80	0.010
8231	82	0.010
8796	84	0.010
7381	84	0.010
7413	82	0.010
8195	82	0.010
8468	82	0.010
8309	81	0.010
7734	81	0.010
7855	81	0.010
9152	81	0.010
9014	81	0.010
7232	81	0.010
8501	81	0.010
8528	81	0.010
8390	81	0.010
7416	81	0.010
8718	81	0.010
7486	81	0.010
7622	81	0.010
8399	81	0.010
9152	81	0.010
7320	78	0.010
8624	77	0.010
8786	78	0.010
7824	78	0.010
8686	78	0.010
8384	78	0.010
8428	79	0.010
7753	78	0.010
7328	79	0.010
8732	83	0.010
7551	86	0.010
7600	86	0.010
7615	80	0.010
8871	79	0.010
8198	81	0.010
8090	82	0.010
8851	80	0.010
9138	80	0.010
8528	80	0.010
7886	80	0.010
8630	80	0.010
8565	80	0.010
8455	80	0.010
7874	80	0.010
9054	81	0.010
8021	78	0.010
7853	78	0.010
8408	77	0.010
8537	78	0.010
7417	80	0.010
8903	81	0.010
8721	79	0.010
8110	75	0.010
8620	75	0.010
7399	78	0.010
8397	78	0.010
7362	77	0.010
7489	77	0.010
8984	77	0.010
8969	77	0.010
8922	78	0.010
7946	78	0.010
7719	78	0.010
7873	79	0.010
9089	83	0.010
7999	83	0.010
8524	80	0.010
9006	79	0.010
8195	79	0.010
8903	81	0.010
7289	79	0.010
8619	79	0.010
8673	78	0.010
8539	79	0.010
7603	81	0.010
8130	80	0.010
7588	80	0.010
8972	81	0.010
7602	82	0.010
8029	81	0.010
8400	80	0.010
7209	78	0.010
7215	78	0.010
8935	81	0.010
9143	80	0.010
7268	79	0.010
9001	78	0.010
8961	78	0.010
8821	78	0.010
8011	79	0.010
7613	78	0.010
7549	77	0.010
7852	77	0.010
7333	77	0.010
8939	78	0.010
8878	77	0.010
8071	77	0.010
8171	79	0.010
7924	80	0.010
7396	78	0.010
8805	76	0.010
7915	76	0.010
7778	76	0.010
8077	76	0.010
8862	76	0.010
8580	76	0.010
7228	77	0.010
7954	78	0.010
8864	79	0.010
7792	79	0.010
7805	79	0.010
8612	79	0.010
9099	82	0.010
8225	81	0.010
9137	78	0.010
8294	78	0.010
7855	78	0.010
8963	81	0.010
8276	81	0.010
8616	80	0.010
9107	79	0.010
8333	80	0.010
8239	79	0.010
8400	79	0.010
7634	78	0.010
8780	77	0.010
7772	77	0.010
8701	78	0.010
8014	78	0.010
9019	75	0.010
8345	75	0.010
7466	77	0.010
8601	79	0.010
7855	78	0.010
8709	76	0.010
7842	76	0.010
8511	76	0.010
7565	77	0.010
8204	77	0.010
8730	76	0.010
8389	76	0.010
9096	77	0.010
8170	78	0.010
8368	77	0.010
9104	77	0.010
7359	79	0.010
7937	82	0.010
7588	82	0.010
8833	82	0.010
7211	82	0.010
8627	82	0.010
7493	82	0.010
9020	83	0.010
7486	80	0.010
8627	80	0.010
7455	81	0.010
7314	80	0.010
8129	79	0.010
7854	79	0.010
8082	78	0.010
7369	78	0.010
7257	78	0.010
7675	78	0.010
8334	76	0.010
8319	75	0.010
8862	75	0.010
8142	79	0.010
8074	81	0.010
7785	82	0.010
8156	80	0.010
8854	75	0.010
9084	75	0.010
7814	79	0.010
8658	81	0.010
8094	79	0.010
8542	78	0.010
7445	78	0.010
8832	78	0.010
7756	79	0.010
8808	79	0.010
9020	78	0.010
7486	78	0.010
7661	80	0.010
7229	80	0.010
9002	84	0.010
8289	81	0.010
8833	80	0.010
8316	81	0.010
7289	82	0.010
7218	82	0.010
7368	82	0.010
7398	82	0.010
7511	82	0.010
7810	82	0.010
8965	82	0.010
7680	82	0.010
9089	80	0.010
7334	80	0.010
7665	78	0.010
7534	77	0.010
7860	77	0.010
8438	78	0.010
7548	81	0.010
8204	79	0.010
8953	79	0.010
8451	79	0.010
7831	79	0.010
8192	79	0.010
8932	79	0.010
8160	79	0.010
8582	79	0.010
8867	79	0.010
8872	79	0.010
9086	79	0.010
7730	79	0.010
7367	79	0.010
8803	79	0.010
7787	82	0.010
9053	83	0.010
8561	82	0.010
7681	79	0.010
8102	79	0.010
7384	81	0.010
9156	82	0.010
8449	81	0.010
8906	81	0.010
7310	80	0.010
9094	80	0.010
7294	80	0.010
7447	81	0.010
7938	82	0.010
9028	82	0.010
9156	82	0.010
8991	83	0.010
8049	82	0.010
7846	79	0.010
8594	79	0.010
7331	81	0.010
9001	81	0.010
7274	80	0.010
8721	78	0.010
8252	78	0.010
9049	78	0.010
7943	79	0.010
8007	79	0.010
8703	79	0.010
7342	79	0.010
7946	79	0.010
8132	79	0.010
8615	79	0.010
8093	79	0.010
8499	79	0.010
7848	80	0.010
8689	82	0.010
7247	83	0.010
7555	81	0.010
8657	79	0.010
8443	79	0.010
9019	80	0.010
9126	80	0.010
7528	79	0.010
8802	78	0.010
7392	78	0.010
8441	79	0.010
8495	79	0.010
7556	81	0.010
8764	80	0.010
8565	81	0.010
7303	81	0.010
8699	82	0.010
8463	82	0.010
8043	82	0.010
8195	79	0.010
9151	79	0.010
7427	79	0.010
8423	81	0.010
7615	81	0.010
8534	80	0.010
8589	79	0.010
8923	79	0.010
7636	79	0.010
7226	80	0.010
8905	80	0.010
7738	78	0.010
8549	79	0.010
8447	80	0.010
8704	80	0.010
7916	78	0.010
7222	77	0.010
8708	78	0.010
8933	79	0.010
8211	81	0.010
8471	80	0.010
8240	79	0.010
7561	79	0.010
9180	79	0.010
7261	79	0.010
8546	82	0.010
8340	81	0.010
8097	78	0.010
8178	78	0.010
7377	79	0.010
7819	81	0.010
8672	81	0.010
7592	81	0.010
8718	81	0.010
7406	81	0.010
8589	81	0.010
8075	83	0.010
7624	81	0.010
7380	81	0.010
7646	81	0.010
8612	82	0.010
8587	83	0.010
8617	82	0.010
7288	80	0.010
7560	81	0.010
9039	81	0.010
8527	80	0.010
8173	79	0.010
8308	79	0.010
7338	80	0.010
7412	80	0.010
7396	79	0.010
7449	78	0.010
7819	76	0.010
8846	76	0.010
7830	76	0.010
9079	79	0.010
7451	81	0.010
8639	81	0.010
9158	80	0.010
7606	78	0.010
8824	78	0.010
8933	78	0.010
7357	78	0.010
8882	78	0.010
8903	79	0.010
7633	79	0.010
9183	79	0.010
7464	80	0.010
7706	80	0.010
8586	79	0.010
7702	79	0.010
7531	82	0.010
8073	83	0.010
8649	83	0.010
7780	83	0.010
8648	79	0.010
8366	79	0.010
7607	84	0.010
8372	84	0.010
8202	83	0.010
8638	83	0.010
8949	81	0.010
7207	81	0.010
7789	81	0.010
8209	81	0.010
8156	81	0.010
8507	80	0.010
7408	80	0.010
8063	80	0.010
8499	80	0.010
8305	77	0.010
7740	77	0.010
8404	78	0.010
7424	81	0.010
7256	81	0.010
7470	81	0.010
9161	78	0.010
7651	78	0.010
7952	78	0.010
7204	79	0.010
7963	78	0.010
8398	77	0.010
7538	78	0.010
7809	78	0.010
8348	79	0.010
8577	79	0.010
8582	79	0.010
8461	78	0.010
8324	78	0.010
8872	80	0.010
7444	83	0.010
7466	84	0.010
7239	83	0.010
7851	82	0.010
9184	82	0.010
7961	83	0.010
8013	82	0.010
9087	80	0.010
8538	79	0.010
7845	80	0.010
7839	80	0.010
8149	79	0.010
7936	79	0.010
8720	79	0.010
7485	79	0.010
8427	79	0.010
7799	79	0.010
8307	79	0.010
7278	78	0.010
7765	77	0.010
8502	76	0.010
8628	76	0.010
7717	76	0.010
8641	76	0.010
8721	78	0.010
7781	78	0.010
7242	76	0.010
7921	77	0.010
7814	76	0.010
9052	76	0.010
9033	77	0.010
7928	77	0.010
8010	78	0.010
7503	78	0.010
8662	78	0.010
7360	78	0.010
7906	78	0.010
8985	79	0.010
7551	79	0.010
8847	79	0.010
8283	79	0.010
8920	79	0.010
8929	79	0.010
7975	79	0.010
8622	79	0.010
7981	80	0.010
8541	80	0.010
9107	78	0.010
7676	79	0.010
8584	80	0.010
8721	80	0.010
7930	80	0.010
8018	80	0.010
8367	82	0.010
8009	82	0.010
7554	82	0.010
9089	78	0.010
8244	77	0.010
9124	78	0.010
8416	80	0.010
8201	82	0.010
8602	81	0.010
7823	78	0.010
7939	76	0.010
8477	76	0.010
8832	78	0.010
7884	78	0.010
7513	78	0.010
9088	78	0.010
8439	77	0.010
9151	76	0.010
8361	78	0.010
8398	78	0.010
8894	77	0.010
8638	76	0.010
8280	78	0.010
7546	79	0.010
7385	80	0.010
8500	79	0.010
8435	76	0.010
8352	76	0.010
7781	77	0.010
8292	78	0.010
7768	78	0.010
7818	78	0.010
7602	78	0.010
7290	78	0.010
8331	78	0.010
8703	78	0.010
7303	78	0.010
7969	78	0.010
7315	78	0.010
9003	80	0.010
8016	83	0.010
7211	82	0.010
8119	80	0.010
7780	77	0.010
8644	78	0.010
8106	81	0.010
7654	81	0.010
7764	80	0.010
8094	78	0.010
9098	78	0.010
8135	79	0.010
8110	80	0.010
7823	78	0.010
8626	78	0.010
8086	76	0.010
8183	76	0.010
7814	79	0.010
8276	79	0.010
8009	76	0.010
9151	75	0.010
8077	75	0.010
8026	77	0.010
8102	78	0.010
8313	79	0.010
8028	78	0.010
7397	75	0.010
8943	75	0.010
8238	77	0.010
7521	77	0.010
8356	77	0.010
8756	77	0.010
8295	76	0.010
7633	76	0.010
8062	78	0.010
8723	78	0.010
7385	78	0.010
8706	77	0.010
8035	77	0.010
8232	80	0.010
8238	81	0.010
9046	82	0.010
7604	79	0.010
8462	77	0.010
7978	77	0.010
8465	82	0.010
7361	83	0.010
8182	82	0.010
8298	81	0.010
8211	80	0.010
8898	79	0.010
7732	79	0.010
8312	79	0.010
7915	79	0.010
8414	79	0.010
7382	79	0.010
9039	78	0.010
8659	77	0.010
7909	76	0.010
8429	76	0.010
8195	76	0.010
7218	78	0.010
7829	81	0.010
9084	81	0.010
8858	75	0.010
7464	75	0.010
7780	77	0.010
8122	82	0.010
7264	80	0.010
7522	77	0.010
8946	77	0.010
8946	79	0.010
7653	79	0.010
8220	78	0.010
7894	78	0.010
7256	78	0.010
7300	78	0.010
7774	81	0.010
7804	83	0.010
8245	84	0.010
8447	82	0.010
7593	79	0.010
8340	79	0.010
7646	82	0.010
8948	83	0.010
9183	83	0.010
7600	81	0.010
7892	81	0.010
8967	79	0.010
8249	80	0.010
8945	79	0.010
7378	80	0.010
8828	80	0.010
8029	81	0.010
8672	80	0.010
8694	79	0.010
8697	78	0.010
8614	77	0.010
9150	77	0.010
7476	80	0.010
8004	81	0.010
9064	81	0.010
8427	76	0.010
9149	76	0.010
7284	76	0.010
7633	76	0.010
8969	76	0.010
8738	76	0.010
9135	76	0.010
7478	76	0.010
9036	76	0.010
7793	76	0.010
8835	76	0.010
7956	79	0.010
7269	79	0.010
8173	81	0.010
8711	84	0.010
7469	84	0.010
7196	81	0.010
7860	79	0.010
8705	79	0.010
7402	83	0.010
7788	83	0.010
7622	80	0.010
8008	80	0.010
8743	80	0.010
8239	81	0.010
7265	81	0.010
7316	81	0.010
8151	81	0.010
8525	81	0.010
7416	81	0.010
7807	81	0.010
7621	81	0.010
7235	78	0.010
7291	78	0.010
8929	78	0.010
7545	80	0.010
8807	80	0.010
7467	80	0.010
7289	80	0.010
9141	80	0.010
8560	80	0.010
7222	80	0.010
7760	80	0.010
8380	80	0.010
8894	80	0.010
8209	80	0.010
8917	80	0.010
7789	80	0.010
9122	78	0.010
8481	78	0.010
8761	78	0.010
8023	78	0.010
8744	78	0.010
8465	78	0.010
8519	78	0.010
8515	78	0.010
9188	78	0.010
8859	80	0.010
7573	80	0.010
7254	79	0.010
7277	78	0.010
8109	79	0.010
9076	80	0.010
7938	81	0.010
7390	81	0.010
8419	81	0.010
8688	81	0.010
8861	81	0.010
7644	81	0.010
9111	80	0.010
7885	78	0.010
9001	78	0.010
7810	80	0.010
7207	80	0.010
7580	81	0.010
7423	79	0.010
9075	79	0.010
8765	79	0.010
8628	79	0.010
7514	79	0.010
7242	79	0.010
8744	79	0.010
7697	77	0.010
8433	77	0.010
7278	79	0.010
8810	79	0.010
7955	79	0.010
7363	77	0.010
9181	76	0.010
9026	78	0.010
7801	79	0.010
9017	81	0.010
8770	80	0.010
9036	78	0.010
8186	78	0.010
9187	79	0.010
8278	82	0.010
7262	82	0.010
7472	78	0.010
7709	78	0.010
7917	79	0.010
7215	81	0.010
8394	81	0.010
7292	80	0.010
8924	80	0.010
7673	81	0.010
8669	82	0.010
7505	82	0.010
8381	82	0.010
7457	82	0.010
8327	82	0.010
8433	82	0.010
8017	82	0.010
8494	82	0.010
8412	82	0.010
7861	81	0.010
7344	81	0.010
7767	80	0.010
7316	80	0.010
7721	78	0.010
8360	78	0.010
8692	79	0.010
7415	79	0.010
9132	80	0.010
8869	79	0.010
7574	76	0.010
7735	76	0.010
7593	78	0.010
9092	78	0.010
8181	80	0.010
8651	80	0.010
9149	78	0.010
7808	78	0.010
7243	78	0.010
8095	78	0.010
8078	78	0.010
8250	77	0.010
7464	78	0.010
7385	78	0.010
7600	79	0.010
7300	79	0.010
8732	79	0.010
8017	79	0.010
8896	79	0.010
9063	81	0.010
7394	83	0.010
9015	83	0.010
9174	81	0.010
8775	81	0.010
7844	82	0.010
8075	83	0.010
7946	84	0.010
8382	84	0.010
8794	83	0.010
8388	81	0.010
9108	81	0.010
8912	80	0.010
8980	79	0.010
7316	80	0.010
7687	81	0.010
7810	80	0.010
8452	78	0.010
8937	75	0.010
9066	75	0.010
7393	79	0.010
7668	81	0.010
7196	81	0.010
7458	80	0.010
8297	77	0.010
8535	76	0.010
8265	77	0.010
8281	78	0.010
8340	78	0.010
7738	78	0.010
7692	77	0.010
7248	78	0.010
7912	78	0.010
8139	78	0.010
8144	78	0.010
7510	78	0.010
7220	78	0.010
8010	78	0.010
7971	83	0.010
9082	85	0.010
8384	83	0.010
8207	80	0.010
9135	78	0.010
8834	79	0.010
8326	81	0.010
8261	81	0.010
8958	81	0.010
8203	81	0.010
9163	80	0.010
8383	79	0.010
7421	79	0.010
7962	79	0.010
7696	79	0.010
8467	79	0.010
7398	79	0.010
7682	79	0.010
8244	78	0.010
7343	76	0.010
8549	76	0.010
8191	78	0.010
7419	81	0.010
8635	81	0.010
7545	80	0.010
7868	75	0.010
8404	75	0.010
7215	76	0.010
9184	77	0.010
7381	76	0.010
8580	76	0.010
9122	76	0.010
8115	76	0.010
8405	76	0.010
7308	78	0.010
8209	78	0.010
8418	77	0.010
8432	77	0.010
8442	77	0.010
8696	77	0.010
8963	77	0.010
8596	78	0.010
8770	78	0.010
8727	78	0.010
7697	78	0.010
8681	78	0.010
7334	78	0.010
8900	78	0.010
8828	78	0.010
7745	78	0.010
7383	78	0.010
8331	79	0.010
8908	81	0.010
8757	81	0.010
8535	81	0.010
7972	81	0.010
7336	81	0.010
7521	78	0.010
7387	77	0.010
8065	79	0.010
8207	81	0.010
7992	81	0.010
7264	79	0.010
8736	78	0.010
8979	76	0.010
8413	77	0.010
9150	78	0.010
8896	78	0.010
8766	77	0.010
7199	77	0.010
7438	77	0.010
7343	77	0.010
7720	77	0.010
8576	77	0.010
7348	77	0.010
8149	77	0.010
8381	78	0.010
7803	79	0.010
7251	81	0.010
9017	78	0.010
7923	78	0.010
8620	78	0.010
8899	76	0.010
7479	78	0.010
7489	78	0.010
7862	76	0.010
7988	76	0.010
7292	78	0.010
7444	78	0.010
8261	80	0.010
7775	79	0.010
9181	78	0.010
7573	78	0.010
8622	80	0.010
7410	81	0.010
7493	80	0.010
8691	80	0.010
8974	78	0.010
7411	78	0.010
8330	78	0.010
8931	78	0.010
9052	78	0.010
7940	78	0.010
7968	78	0.010
7767	80	0.010
8465	79	0.010
8783	77	0.010
8621	77	0.010
8428	78	0.010
7951	78	0.010
8926	79	0.010
9190	78	0.010
8562	75	0.010
7354	75	0.010
7658	76	0.010
7969	77	0.010
7879	77	0.010
7609	77	0.010
8868	77	0.010
8011	76	0.010
7206	76	0.010
7939	76	0.010
7295	77	0.010
7682	76	0.010
8454	76	0.010
8816	76	0.010
9004	77	0.010
8867	78	0.010
8187	78	0.010
8984	78	0.010
7584	78	0.010
7321	77	0.010
7505	79	0.010
7263	82	0.010
8121	83	0.010
8825	81	0.010
8573	79	0.010
8125	78	0.010
8981	78	0.010
7641	82	0.010
7876	82	0.010
9114	80	0.010
9063	80	0.010
7898	80	0.010
9119	81	0.010
8209	81	0.010
8074	81	0.010
8506	81	0.010
8464	81	0.010
7668	81	0.010
8180	81	0.010
8001	81	0.010
7275	81	0.010
7984	81	0.010
8606	81	0.010
8325	81	0.010
7616	81	0.010
8688	81	0.010
8313	81	0.010
8825	81	0.010
7831	80	0.010
8963	80	0.010
7339	79	0.010
8231	77	0.010
7862	77	0.010
8435	79	0.010
7358	79	0.010
7922	78	0.010
8596	78	0.010
8702	79	0.010
7614	80	0.010
8724	81	0.010
7345	82	0.010
7309	81	0.010
7990	80	0.010
7833	80	0.010
7560	83	0.010
7273	83	0.010
8980	81	0.010
8278	80	0.010
8346	81	0.010
7226	80	0.010
8113	80	0.010
7682	80	0.010
7426	80	0.010
7779	80	0.010
8196	80	0.010
7258	79	0.010
8422	78	0.010
8498	77	0.010
7862	77	0.010
8342	77	0.010
8559	79	0.010
8303	81	0.010
8545	79	0.010
8918	78	0.010
7461	77	0.010
8665	77	0.010
9074	78	0.010
7516	77	0.010
9120	77	0.010
9161	77	0.010
8560	78	0.010
9085	78	0.010
8409	78	0.010
8263	78	0.010
7713	78	0.010
7534	78	0.010
7617	81	0.010
7574	84	0.010
7214	84	0.010
8523	81	0.010
8247	80	0.010
7982	81	0.010
7233	81	0.010
7718	81	0.010
8930	80	0.010
8042	81	0.010
8774	80	0.010
7460	80	0.010
8044	81	0.010
7962	81	0.010
7925	81	0.010
7938	81	0.010
8818	82	0.010
8594	81	0.010
7342	81	0.010
7894	78	0.010
8313	78	0.010
8971	78	0.010
7406	80	0.010
8376	81	0.010
7699	79	0.010
8265	77	0.010
8685	77	0.010
8358	77	0.010
7659	79	0.010
8892	79	0.010
8395	80	0.010
8190	79	0.010
9116	79	0.010
7739	79	0.010
7711	78	0.010
8685	78	0.010
7413	78	0.010
8830	79	0.010
9009	82	0.010
8766	82	0.010
8504	81	0.010
8324	79	0.010
9092	78	0.010
7513	80	0.010
7918	81	0.010
8544	80	0.010
8684	79	0.010
8809	79	0.010
8137	79	0.010
7210	79	0.010
7740	80	0.010
7363	80	0.010
7318	80	0.010
8572	81	0.010
7475	81	0.010
7658	81	0.010
8472	81	0.010
8482	78	0.010
8391	78	0.010
9144	78	0.010
7268	80	0.010
8517	81	0.010
8266	81	0.010
8247	79	0.010
7880	78	0.010
7348	78	0.010
8444	79	0.010
7769	78	0.010
8672	78	0.010
7347	78	0.010
7865	79	0.010
8546	79	0.010
7667	78	0.010
7354	77	0.010
7458	77	0.010
8030	77	0.010
8501	77	0.010
8590	81	0.010
9080	81	0.010
8886	79	0.010
8428	79	0.010
8849	78	0.010
7717	79	0.010
7863	82	0.010
8290	82	0.010
7556	78	0.010
8049	78	0.010
9146	79	0.010
8769	80	0.010
8115	81	0.010
8914	78	0.010
7328	78	0.010
7824	80	0.010
7192	82	0.010
8015	83	0.010
8243	83	0.010
8799	81	0.010
7593	81	0.010
7891	81	0.010
8751	82	0.010
9024	82	0.010
8749	82	0.010
8296	81	0.010
9040	80	0.010
8784	80	0.010
9126	80	0.010
7590	80	0.010
7983	80	0.010
7402	80	0.010
8068	80	0.010
8458	80	0.010
7197	80	0.010
8331	80	0.010
7664	80	0.010
9028	77	0.010
8502	77	0.010
7722	81	0.010
8977	81	0.010
8961	78	0.010
7727	77	0.010
9008	78	0.010
7311	78	0.010
8839	77	0.010
7324	77	0.010
8999	78	0.010
8587	78	0.010
9151	79	0.010
8135	79	0.010
7500	79	0.010
8462	78	0.010
8296	80	0.010
7900	82	0.010
9065	83	0.010
7894	82	0.010
8811	82	0.010
8104	81	0.010
8648	81	0.010
7525	81	0.010
8605	81	0.010
8184	81	0.010
7819	81	0.010
8969	81	0.010
8460	81	0.010
7856	81	0.010
9012	81	0.010
7300	81	0.010
9084	81	0.010
8536	79	0.010
7408	78	0.010
7383	78	0.010
9068	78	0.010
8270	77	0.010
9077	77	0.010
8557	82	0.010
7235	82	0.010
8218	80	0.010
8269	78	0.010
8946	76	0.010
7366	76	0.010
8142	76	0.010
7423	77	0.010
7516	77	0.010
7800	77	0.010
7247	77	0.010
7410	77	0.010
8074	77	0.010
7762	77	0.010
8116	77	0.010
7787	77	0.010
7916	82	0.010
8457	82	0.010
8876	82	0.010
7863	81	0.010
8655	78	0.010
8101	78	0.010
7312	82	0.010
7979	82	0.010
8858	82	0.010
8443	82	0.010
7852	82	0.010
7380	82	0.010
8002	78	0.010
7352	79	0.010
8928	79	0.010
8115	79	0.010
7534	80	0.010
8166	80	0.010
8610	78	0.010
8172	76	0.010
8399	76	0.010
8309	79	0.010
9143	81	0.010
7847	81	0.010
7758	78	0.010
7572	77	0.010
7332	75	0.010
8089	75	0.010
7267	76	0.010
7430	77	0.010
8924	77	0.010
7832	77	0.010
7712	77	0.010
7492	77	0.010
8417	78	0.010
8911	78	0.010
7876	77	0.010
8397	78	0.010
7509	79	0.010
8415	81	0.010
8927	83	0.010
7567	80	0.010
7927	79	0.010
9175	79	0.010
8245	80	0.010
8032	80	0.010
8546	79	0.010
7340	78	0.010
8158	78	0.010
9090	78	0.010
8972	79	0.010
8183	80	0.010
7353	80	0.010
7583	80	0.010
7504	80	0.010
7498	82	0.010
8392	82	0.010
7326	78	0.010
7585	77	0.010
7207	78	0.010
8122	80	0.010
7496	80	0.010
8844	79	0.010
8692	76	0.010
7899	76	0.010
7345	78	0.010
8107	78	0.010
7654	78	0.010
7818	76	0.010
8076	76	0.010
7910	76	0.010
7243	77	0.010
8034	78	0.010
8990	78	0.010
7526	75	0.010
7649	75	0.010
7704	78	0.010
8428	80	0.010
9139	80	0.010
7686	78	0.010
8210	77	0.010
7923	77	0.010
7754	76	0.010
7219	77	0.010
7864	79	0.010
8621	76	0.010
8847	76	0.010
7288	76	0.010
8725	77	0.010
8405	78	0.010
8783	78	0.010
7583	78	0.010
7773	78	0.010
8620	78	0.010
8776	83	0.010
7791	83	0.010
8781	81	0.010
7692	76	0.010
8282	76	0.010
8305	81	0.010
8814	81	0.010
8620	79	0.010
8125	78	0.010
8708	78	0.010
8185	78	0.010
8168	79	0.010
8932	77	0.010
8884	77	0.010
7874	76	0.010
8649	78	0.010
8530	78	0.010
8815	78	0.010
7528	76	0.010
7305	76	0.010
7210	76	0.010
7547	75	0.010
7940	75	0.010
8025	77	0.010
8608	77	0.010
7643	76	0.010
8996	75	0.010
7516	75	0.010
8935	76	0.010
8428	77	0.010
8482	76	0.010
8811	75	0.010
7690	76	0.010
9164	77	0.010
8315	78	0.010
8508	77	0.010
8163	76	0.010
8256	77	0.010
8752	78	0.010
7923	81	0.010
7818	81	0.010
7687	81	0.010
9132	78	0.010
8350	78	0.010
8193	79	0.010
7787	81	0.010
8717	81	0.010
9126	81	0.010
7340	79	0.010
8257	79	0.010
9033	80	0.010
8677	79	0.010
7422	78	0.010
7212	78	0.010
7620	78	0.010
7640	78	0.010
9116	77	0.010
7763	75	0.010
7467	75	0.010
9028	76	0.010
8742	76	0.010
9165	76	0.010
8809	76	0.010
8048	76	0.010
8359	78	0.010
7434	78	0.010
8715	78	0.010
7415	78	0.010
8602	78	0.010
7884	78	0.010
8257	78	0.010
8568	78	0.010
7378	78	0.010
8422	78	0.010
7505	78	0.010
8456	78	0.010
8566	78	0.010
7766	80	0.010
8673	82	0.010
8174	82	0.010
8793	79	0.010
8945	78	0.010
7788	80	0.010
8533	82	0.010
7920	83	0.010
7526	81	0.010
7974	81	0.010
8545	81	0.010
8645	81	0.010
8998	81	0.010
8932	81	0.010
8564	81	0.010
7240	81	0.010
7644	81	0.010
7472	81	0.010
9104	81	0.010
7455	81	0.010
8582	81	0.010
8584	81	0.010
8361	81	0.010
7798	81	0.010
9089	79	0.010
8348	77	0.010
8673	77	0.010
8333	77	0.010
8445	78	0.010
8049	77	0.010
7483	77	0.010
8486	76	0.010
9180	76	0.010
7542	77	0.010
8844	77	0.010
7949	78	0.010
7859	78	0.010
8672	78	0.010
7298	80	0.010
8966	80	0.010
7637	80	0.010
7655	80	0.010
7383	80	0.010
8038	80	0.010
7924	80	0.010
8632	81	0.010
8050	81	0.010
7379	81	0.010
8203	81	0.010
8523	79	0.010
7938	80	0.010
7882	80	0.010
7739	80	0.010
9070	80	0.010
8849	81	0.010
8724	81	0.010
7562	81	0.010
8829	78	0.010
7594	78	0.010
7831	80	0.010
8935	81	0.010
8742	81	0.010
7514	78	0.010
7564	78	0.010
7979	77	0.010
7546	77	0.010
7557	77	0.010
7599	78	0.010
7221	78	0.010
8255	78	0.010
8246	78	0.010
9189	78	0.010
8942	78	0.010
7265	78	0.010
8815	79	0.010
8722	79	0.010
7470	82	0.010
7626	82	0.010
8185	81	0.010
8996	78	0.010
8579	78	0.010
8222	79	0.010
7579	80	0.010
7224	79	0.010
7590	78	0.010
9151	78	0.010
7873	78	0.010
8307	78	0.010
7593	78	0.010
8524	78	0.010
7904	79	0.010
9131	80	0.010
8481	80	0.010
8067	81	0.010
8013	81	0.010
7774	79	0.010
8991	78	0.010
8843	78	0.010
7925	79	0.010
7649	80	0.010
8211	80	0.010
8744	79	0.010
7371	78	0.010
8457	77	0.010
8721	78	0.010
8267	78	0.010
7400	78	0.010
8248	78	0.010
7230	78	0.010
8995	77	0.010
8556	77	0.010
7734	78	0.010
7779	78	0.010
8833	77	0.010
7371	77	0.010
8436	80	0.010
8742	80	0.010
7513	79	0.010
8649	78	0.010
8755	77	0.010
7770	77	0.010
8734	81	0.010
9117	81	0.010
8473	78	0.010
7704	78	0.010
7621	78	0.010
7728	79	0.010
7482	80	0.010
8567	80	0.010
8516	80	0.010
8718	80	0.010
8958	80	0.010
8213	81	0.010
7872	81	0.010
7386	80	0.010
8998	80	0.010
7693	81	0.010
8532	81	0.010
7302	81	0.010
8956	80	0.010
7392	79	0.010
7233	79	0.010
8690	79	0.010
7358	79	0.010
8749	79	0.010
9104	78	0.010
8359	79	0.010
7356	79	0.010
8612	80	0.010
9170	80	0.010
7337	75	0.010
7393	75	0.010
8285	76	0.010
8558	76	0.010
8501	77	0.010
8032	79	0.010
8880	80	0.010
8361	76	0.010
8895	77	0.010
8246	77	0.010
8413	78	0.010
7540	78	0.010
9050	78	0.010
8456	78	0.010
8034	80	0.010
7462	79	0.010
7403	79	0.010
7565	79	0.010
7571	79	0.010
8337	83	0.010
8001	83	0.010
8987	83	0.010
8380	80	0.010
8440	80	0.010
8971	80	0.010
9114	83	0.010
8266	83	0.010
8192	81	0.010
7453	81	0.010
7797	82	0.010
9032	81	0.010
8635	80	0.010
8879	79	0.010
7876	81	0.010
9064	81	0.010
7515	80	0.010
7191	78	0.010
7454	76	0.010
8077	76	0.010
8263	75	0.010
8992	77	0.010
7730	81	0.010
8988	82	0.010
8802	81	0.010
8651	79	0.010
9116	79	0.010
7352	79	0.010
8879	76	0.010
8770	75	0.010
8476	76	0.010
7501	78	0.010
7834	78	0.010
8837	78	0.010
8201	78	0.010
7637	78	0.010
7773	77	0.010
7409	77	0.010
8467	83	0.010
7485	84	0.010
8968	83	0.010
9113	79	0.010
8456	78	0.010
8614	80	0.010
9129	81	0.010
8082	81	0.010
7354	81	0.010
9147	81	0.010
8172	81	0.010
9110	81	0.010
9142	81	0.010
8916	79	0.010
8163	79	0.010
7198	81	0.010
7813	81	0.010
8678	78	0.010
8795	77	0.010
9017	76	0.010
7650	76	0.010
7221	79	0.010
9012	81	0.010
7235	81	0.010
8964	81	0.010
8707	81	0.010
7376	81	0.010
7540	77	0.010
7500	78	0.010
7299	78	0.010
8541	76	0.010
8327	76	0.010
7381	77	0.010
7349	77	0.010
8698	77	0.010
7716	78	0.010
9163	78	0.010
8024	78	0.010
8582	79	0.010
8858	83	0.010
8588	83	0.010
8455	81	0.010
7256	78	0.010
9024	78	0.010
9182	80	0.010
9069	81	0.010
8792	80	0.010
7856	78	0.010
8198	78	0.010
8531	78	0.010
8870	78	0.010
8876	78	0.010
8062	78	0.010
8874	78	0.010
9162	78	0.010
8454	81	0.010
7954	81	0.010
8966	81	0.010
8400	77	0.010
9146	77	0.010
7192	81	0.010
8584	81	0.010
7339	79	0.010
8602	77	0.010
8536	76	0.010
7896	77	0.010
8660	78	0.010
8311	79	0.010
8102	78	0.010
8578	77	0.010
7981	77	0.010
7260	77	0.010
8521	78	0.010
8042	78	0.010
7197	77	0.010
8251	77	0.010
8871	78	0.010
9187	78	0.010
7270	78	0.010
8236	78	0.010
8038	78	0.010
7229	77	0.010
7634	76	0.010
8656	78	0.010
9094	78	0.010
7698	77	0.010
8547	76	0.010
7716	77	0.010
7436	78	0.010
7288	79	0.010
8748	79	0.010
8426	79	0.010
7535	79	0.010
7729	80	0.010
7356	81	0.010
7548	81	0.010
7657	80	0.010
8703	78	0.010
7212	78	0.010
8372	80	0.010
8357	81	0.010
7685	78	0.010
9168	78	0.010
8650	78	0.010
8460	78	0.010
7311	78	0.010
7243	78	0.010
7431	77	0.010
9096	77	0.010
8569	77	0.010
7561	77	0.010
7249	78	0.010
8012	78	0.010
7576	74	0.010
8405	73	0.010
8347	75	0.010
7744	79	0.010
7823	79	0.010
9177	79	0.010
8882	79	0.010
8219	79	0.010
7443	79	0.010
9085	79	0.010
9071	76	0.010
8287	75	0.010
7670	75	0.010
8240	77	0.010
9189	78	0.010
8436	79	0.010
9109	79	0.010
7483	75	0.010
8562	75	0.010
8091	79	0.010
7274	83	0.010
8866	83	0.010
7298	80	0.010
8965	78	0.010
8386	79	0.010
7389	82	0.010
8162	83	0.010
7191	80	0.010
8474	80	0.010
7689	80	0.010
7926	80	0.010
8601	79	0.010
8223	78	0.010
7428	78	0.010
8732	78	0.010
8683	79	0.010
8940	78	0.010
7937	78	0.010
8698	78	0.010
8633	77	0.010
7442	76	0.010
7329	77	0.010
7638	80	0.010
7216	80	0.010
7436	75	0.010
9148	74	0.010
7228	75	0.010
9158	81	0.010
8137	81	0.010
7758	78	0.010
7256	78	0.010
7394	78	0.010
8821	78	0.010
7988	79	0.010
8145	78	0.010
7524	78	0.010
7594	77	0.010
8335	81	0.010
7308	83	0.010
7489	84	0.010
7249	81	0.010
8405	80	0.010
8933	81	0.010
7783	82	0.010
8823	82	0.010
8762	80	0.010
8841	80	0.010
8769	80	0.010
8094	80	0.010
8654	80	0.010
7883	80	0.010
7844	80	0.010
8919	80	0.010
8547	80	0.010
8415	79	0.010
7453	78	0.010
8067	78	0.010
8432	77	0.010
8615	77	0.010
8756	79	0.010
7272	80	0.010
7932	80	0.010
7764	79	0.010
8980	76	0.010
8991	76	0.010
8190	78	0.010
8833	78	0.010
8258	78	0.010
8573	78	0.010
9184	78	0.010
7674	78	0.010
8619	78	0.010
8931	79	0.010
8176	79	0.010
8532	79	0.010
8159	79	0.010
8363	83	0.010
8271	83	0.010
8998	81	0.010
7341	80	0.010
7194	80	0.010
7877	80	0.010
8019	82	0.010
7411	83	0.010
9143	81	0.010
7940	80	0.010
7253	80	0.010
7482	80	0.010
8767	80	0.010
7702	81	0.010
7272	81	0.010
8668	82	0.010
7995	82	0.010
9157	80	0.010
7762	78	0.010
8185	78	0.010
7830	78	0.010
8451	81	0.010
8838	81	0.010
7233	78	0.010
7749	78	0.010
7586	78	0.010
8277	78	0.010
8905	79	0.010
8178	79	0.010
7454	79	0.010
8141	80	0.010
8426	79	0.010
7932	79	0.010
7393	79	0.010
8921	79	0.010
7920	78	0.010
8240	79	0.010
8229	81	0.010
7794	83	0.010
7605	83	0.010
8715	79	0.010
7459	78	0.010
7548	79	0.010
7248	80	0.010
9076	80	0.010
7542	79	0.010
8465	78	0.010
7878	78	0.010
7894	79	0.010
7289	80	0.010
7262	80	0.010
7457	80	0.010
8668	81	0.010
9042	81	0.010
7820	81	0.010
8966	80	0.010
8512	77	0.010
8952	77	0.010
7598	79	0.010
7410	80	0.010
7598	80	0.010
8891	82	0.010
8048	78	0.010
7805	78	0.010
7378	78	0.010
8600	79	0.010
7573	78	0.010
8038	78	0.010
7923	78	0.010
7898	78	0.010
8068	78	0.010
8813	78	0.010
9176	78	0.010
7869	78	0.010
8464	77	0.010
8558	78	0.010
7506	81	0.010
9083	80	0.010
7656	79	0.010
7417	77	0.010
7586	77	0.010
7669	78	0.010
7330	81	0.010
7778	80	0.010
8769	79	0.010
8977	78	0.010
9180	78	0.010
7204	78	0.010
8382	78	0.010
8902	78	0.010
7970	78	0.010
7344	78	0.010
8137	78	0.010
8082	78	0.010
9003	82	0.010
8165	82	0.010
9046	80	0.010
8886	80	0.010
8296	82	0.010
9000	82	0.010
7947	80	0.010
7568	80	0.010
9116	80	0.010
8770	80	0.010
9091	80	0.010
7942	79	0.010
8516	80	0.010
8309	79	0.010
9028	79	0.010
7905	79	0.010
7950	78	0.010
8750	78	0.010
8180	75	0.010
8260	75	0.010
8983	75	0.010
8306	75	0.010
7777	75	0.010
8624	75	0.010
8856	76	0.010
7877	76	0.010
7331	77	0.010
7692	78	0.010
7975	78	0.010
7702	78	0.010
8244	78	0.010
8446	78	0.010
7704	78	0.010
9003	78	0.010
7395	78	0.010
7529	78	0.010
9121	78	0.010
8030	78	0.010
8115	84	0.010
9130	81	0.010
9005	79	0.010
8480	83	0.010
8101	83	0.010
8135	83	0.010
8134	83	0.010
8731	83	0.010
8119	82	0.010
9131	80	0.010
8858	80	0.010
7963	80	0.010
8705	81	0.010
8326	81	0.010
9150	79	0.010
8537	78	0.010
7776	78	0.010
9052	78	0.010
7830	78	0.010
7239	78	0.010
7897	81	0.010
7563	81	0.010
8368	77	0.010
8881	76	0.010
9033	77	0.010
8803	78	0.010
7972	78	0.010
7956	78	0.010
9072	77	0.010
8877	78	0.010
9170	78	0.010
7786	78	0.010
8162	78	0.010
7664	78	0.010
7505	78	0.010
8603	80	0.010
8394	83	0.010
8880	84	0.010
7808	84	0.010
7299	78	0.010
8969	78	0.010
8409	81	0.010
7261	84	0.010
8138	81	0.010
8688	80	0.010
9049	80	0.010
7636	80	0.010
8180	80	0.010
8365	79	0.010
8853	79	0.010
8685	79	0.010
7569	81	0.010
8728	81	0.010
8239	77	0.010
8441	77	0.010
8545	78	0.010
8033	81	0.010
8725	81	0.010
7358	78	0.010
8588	76	0.010
8360	76	0.010
8456	76	0.010
7441	77	0.010
8805	77	0.010
8958	77	0.010
8050	77	0.010
7615	77	0.010
8995	77	0.010
8670	78	0.010
7939	78	0.010
8404	77	0.010
9132	77	0.010
8220	81	0.010
9189	83	0.010
8624	83	0.010
7958	79	0.010
8533	79	0.010
8078	80	0.010
7607	81	0.010
8947	81	0.010
9190	81	0.010
8660	79	0.010
8177	78	0.010
8635	78	0.010
9025	81	0.010
8903	81	0.010
8567	81	0.010
7534	82	0.010
8234	82	0.010
7903	82	0.010
7710	80	0.010
8699	78	0.010
8428	78	0.010
9154	79	0.010
8487	81	0.010
7983	81	0.010
8022	80	0.010
8517	76	0.010
8780	76	0.010
8696	77	0.010
8153	78	0.010
8147	78	0.010
8814	78	0.010
7448	78	0.010
7488	78	0.010
9068	78	0.010
8540	77	0.010
7890	77	0.010
9019	77	0.010
8668	78	0.010
7539	80	0.010
7677	80	0.010
7421	80	0.010
7958	77	0.010
8507	77	0.010
8844	76	0.010
9115	78	0.010
8059	78	0.010
9140	78	0.010
9164	77	0.010
7826	77	0.010
7884	79	0.010
7528	79	0.010
8155	80	0.010
8003	79	0.010
7336	79	0.010
8872	79	0.010
8850	81	0.010
9144	82	0.010
8145	81	0.010
9101	78	0.010
7754	77	0.010
9014	78	0.010
9053	82	0.010
8908	82	0.010
7801	81	0.010
8339	80	0.010
9059	79	0.010
8465	79	0.010
8609	79	0.010
8329	78	0.010
7266	78	0.010
7466	78	0.010
8392	78	0.010
8673	78	0.010
7389	78	0.010
8828	78	0.010
7350	78	0.010
7830	78	0.010
7543	76	0.010
8782	79	0.010
8866	78	0.010
7685	77	0.010
7424	76	0.010
7976	77	0.010
9166	77	0.010
7807	77	0.010
8341	77	0.010
8350	77	0.010
7408	77	0.010
8062	77	0.010
8104	79	0.010
8217	79	0.010
7783	78	0.010
9151	77	0.010
7508	78	0.010
8750	81	0.010
8009	81	0.010
7356	81	0.010
9047	81	0.010
7935	81	0.010
7225	81	0.010
8702	81	0.010
8789	81	0.010
7376	81	0.010
9080	81	0.010
7498	81	0.010
8738	81	0.010
9068	81	0.010
8691	81	0.010
8930	78	0.010
7580	80	0.010
7604	79	0.010
7292	79	0.010
7245	76	0.010
8864	73	0.010
7196	73	0.010
7835	75	0.010
8137	81	0.010
8779	81	0.010
8027	79	0.010
7572	78	0.010
7347	78	0.010
8355	79	0.010
8762	79	0.010
8366	78	0.010
7991	78	0.010
8057	79	0.010
7237	78	0.010
9024	78	0.010
7306	78	0.010
7615	79	0.010
7644	78	0.010
8068	78	0.010
7415	80	0.010
8225	83	0.010
8314	82	0.010
9171	81	0.010
8668	80	0.010
7462	80	0.010
7573	80	0.010
8674	80	0.010
7550	80	0.010
8758	80	0.010
8280	80	0.010
7219	80	0.010
7402	79	0.010
8012	79	0.010
9159	79	0.010
7989	80	0.010
7413	80	0.010
8382	79	0.010
8502	78	0.010
8260	76	0.010
8254	78	0.010
9167	80	0.010
8647	81	0.010
7796	81	0.010
7753	79	0.010
7531	78	0.010
7463	76	0.010
8796	76	0.010
8780	77	0.010
8386	77	0.010
8267	78	0.010
8965	78	0.010
7802	78	0.010
7929	78	0.010
8375	78	0.010
8671	79	0.010
8459	79	0.010
7459	80	0.010
8819	83	0.010
8187	84	0.010
8600	84	0.010
8405	80	0.010
8517	79	0.010
7295	81	0.010
8969	81	0.010
8847	81	0.010
7695	81	0.010
8982	80	0.010
8508	80	0.010
8525	80	0.010
8131	80	0.010
8179	81	0.010
8145	82	0.010
8592	82	0.010
9032	82	0.010
8037	81	0.010
8356	79	0.010
8255	79	0.010
7423	79	0.010
7662	82	0.010
7635	82	0.010
7695	80	0.010
7663	77	0.010
8037	77	0.010
8915	78	0.010
8657	79	0.010
8167	80	0.010
9031	80	0.010
7998	79	0.010
8410	79	0.010
7241	79	0.010
8051	78	0.010
9071	78	0.010
7632	81	0.010
8844	81	0.010
7683	82	0.010
8605	82	0.010
8863	81	0.010
9041	79	0.010
7882	79	0.010
8906	79	0.010
8714	81	0.010
8235	81	0.010
8636	79	0.010
7568	78	0.010
7675	79	0.010
7585	80	0.010
7289	80	0.010
7601	80	0.010
7374	80	0.010
7977	81	0.010
8123	81	0.010
8804	82	0.010
7289	80	0.010
8412	78	0.010
7237	78	0.010
7487	78	0.010
8772	80	0.010
8532	81	0.010
8242	80	0.010
8287	79	0.010
8176	78	0.010
8848	78	0.010
7512	79	0.010
8459	80	0.010
9116	78	0.010
8644	78	0.010
8993	78	0.010
8750	80	0.010
7867	80	0.010
8404	78	0.010
8107	78	0.010
8752	76	0.010
8990	76	0.010
8028	80	0.010
8788	80	0.010
7297	80	0.010
8421	78	0.010
8013	78	0.010
7248	78	0.010
7572	82	0.010
8448	82	0.010
7668	78	0.010
9138	78	0.010
7630	79	0.010
7445	80	0.010
8872	81	0.010
8747	80	0.010
7703	80	0.010
7409	80	0.010
8630	81	0.010
8126	83	0.010
7239	83	0.010
7796	81	0.010
7402	80	0.010
7838	81	0.010
9136	82	0.010
8220	82	0.010
7561	81	0.010
8502	78	0.010
8702	79	0.010
8053	80	0.010
7881	80	0.010
8581	80	0.010
8675	80	0.010
8240	79	0.010
8612	79	0.010
7375	80	0.010
7856	79	0.010
8376	77	0.010
8686	75	0.010
8132	76	0.010
7856	80	0.010
7660	81	0.010
9002	81	0.010
8349	79	0.010
7910	75	0.010
8014	78	0.010
8445	78	0.010
8937	78	0.010
7340	78	0.010
8838	78	0.010
9004	79	0.010
7679	79	0.010
8489	79	0.010
7964	79	0.010
8343	79	0.010
8200	79	0.010
7999	79	0.010
8474	79	0.010
8609	79	0.010
8725	79	0.010
7807	79	0.010
8689	79	0.010
7256	79	0.010
8120	79	0.010
8935	83	0.010
7358	81	0.010
8543	81	0.010
8619	81	0.010
8549	80	0.010
8762	80	0.010
8261	81	0.010
7589	81	0.010
7399	81	0.010
8221	78	0.010
8150	76	0.010
7674	76	0.010
8346	77	0.010
8559	79	0.010
7691	80	0.010
8391	81	0.010
8855	80	0.010
7956	76	0.010
8089	76	0.010
7759	77	0.010
8832	77	0.010
8192	77	0.010
7424	77	0.010
9147	78	0.010
9146	79	0.010
7630	78	0.010
8315	78	0.010
8137	78	0.010
8069	78	0.010
8808	79	0.010
8021	83	0.010
7407	83	0.010
8643	82	0.010
9087	80	0.010
8211	80	0.010
8587	80	0.010
7448	81	0.010
7931	81	0.010
7401	81	0.010
8782	81	0.010
8633	80	0.010
7986	79	0.010
7817	79	0.010
8511	79	0.010
7799	80	0.010
8155	80	0.010
7302	80	0.010
8150	80	0.010
7530	78	0.010
8460	77	0.010
7739	77	0.010
7862	78	0.010
7238	78	0.010
7731	81	0.010
8306	81	0.010
8404	75	0.010
9155	75	0.010
7466	78	0.010
9167	79	0.010
8947	79	0.010
8657	79	0.010
9062	79	0.010
8699	79	0.010
8567	79	0.010
9070	79	0.010
7448	78	0.010
7650	78	0.010
9146	78	0.010
8823	82	0.010
8161	83	0.010
8667	83	0.010
7198	79	0.010
8522	79	0.010
7205	80	0.010
7404	81	0.010
7962	81	0.010
8762	80	0.010
8577	79	0.010
8142	78	0.010
8180	78	0.010
8509	80	0.010
8048	80	0.010
7467	80	0.010
7789	80	0.010
7823	82	0.010
9027	82	0.010
8076	78	0.010
7441	78	0.010
8059	78	0.010
8628	79	0.010
8681	81	0.010
8076	81	0.010
7586	79	0.010
7846	77	0.010
8328	77	0.010
7469	77	0.010
8990	77	0.010
8041	78	0.010
7405	78	0.010
9019	78	0.010
8212	78	0.010
9032	78	0.010
8743	78	0.010
8809	78	0.010
8699	78	0.010
8113	78	0.010
7508	78	0.010
7557	78	0.010
8140	78	0.010
7664	77	0.010
8562	77	0.010
7946	77	0.010
8972	78	0.010
7494	78	0.010
7585	78	0.010
8530	77	0.010
7805	78	0.010
8460	78	0.010
8988	79	0.010
7718	79	0.010
8306	78	0.010
8936	79	0.010
8485	83	0.010
8524	83	0.010
9112	80	0.010
7816	78	0.010
8145	77	0.010
7818	78	0.010
8740	82	0.010
8548	82	0.010
7450	80	0.010
8682	78	0.010
8908	79	0.010
7664	80	0.010
8495	79	0.010
7486	78	0.010
8555	78	0.010
8251	77	0.010
9179	78	0.010
8974	78	0.010
8793	78	0.010
7320	77	0.010
8011	76	0.010
8531	76	0.010
8403	77	0.010
8261	79	0.010
8870	77	0.010
8176	76	0.010
8270	76	0.010
7319	76	0.010
8109	78	0.010
7416	76	0.010
8254	75	0.010
7856	77	0.010
7839	78	0.010
7733	78	0.010
7392	78	0.010
7561	78	0.010
9169	78	0.010
7522	79	0.010
8230	81	0.010
7353	80	0.010
8847	80	0.010
7379	79	0.010
7200	79	0.010
8888	80	0.010
7476	83	0.010
8272	81	0.010
7290	79	0.010
8171	79	0.010
7595	80	0.010
8069	81	0.010
8055	79	0.010
7292	78	0.010
8072	78	0.010
7682	78	0.010
7275	78	0.010
8162	78	0.010
8926	77	0.010
9166	75	0.010
8341	75	0.010
8555	79	0.010
8636	81	0.010
7878	81	0.010
7923	79	0.010
7540	76	0.010
8649	75	0.010
9139	78	0.010
8619	79	0.010
7391	79	0.010
8405	78	0.010
8097	78	0.010
7867	78	0.010
8876	78	0.010
8121	78	0.010
9130	78	0.010
8049	78	0.010
7643	78	0.010
8528	80	0.010
7217	83	0.010
7705	83	0.010
7737	81	0.010
7724	81	0.010
7877	81	0.010
9114	83	0.010
7560	83	0.010
7884	81	0.010
7695	80	0.010
8249	80	0.010
8922	80	0.010
8878	80	0.010
7899	80	0.010
8391	80	0.010
7705	80	0.010
8852	80	0.010
9070	80	0.010
8343	80	0.010
8124	78	0.010
8117	78	0.010
8743	78	0.010
9095	80	0.010
7783	80	0.010
7841	79	0.010
8333	78	0.010
7473	76	0.010
8673	76	0.010
8052	76	0.010
9155	77	0.010
7285	78	0.010
7585	78	0.010
8337	78	0.010
7544	78	0.010
8014	78	0.010
7733	79	0.010
8372	79	0.010
8271	80	0.010
7749	81	0.010
8689	82	0.010
8163	82	0.010
7313	80	0.010
7523	80	0.010
9044	81	0.010
7221	82	0.010
8946	82	0.010
8447	79	0.010
7954	79	0.010
7312	79	0.010
8952	80	0.010
8934	80	0.010
7589	80	0.010
7934	80	0.010
8859	81	0.010
7430	82	0.010
7698	82	0.010
8514	80	0.010
8282	78	0.010
7540	77	0.010
8736	78	0.010
8967	78	0.010
8064	83	0.010
7635	79	0.010
7245	78	0.010
8781	77	0.010
7924	77	0.010
8770	77	0.010
8590	79	0.010
8603	79	0.010
8565	79	0.010
7796	79	0.010
8835	80	0.010
7593	79	0.010
7517	78	0.010
8974	78	0.010
9112	81	0.010
7828	82	0.010
7541	82	0.010
8147	81	0.010
7851	81	0.010
7432	81	0.010
7697	81	0.010
8494	81	0.010
8979	81	0.010
7892	78	0.010
8407	78	0.010
8240	79	0.010
8010	79	0.010
8507	79	0.010
7892	80	0.010
7929	80	0.010
8251	80	0.010
8060	83	0.010
8538	81	0.010
7484	79	0.010
8381	78	0.010
8965	78	0.010
8520	79	0.010
7205	80	0.010
8407	80	0.010
8018	81	0.010
8129	78	0.010
8935	78	0.010
7935	78	0.010
7536	79	0.010
9007	79	0.010
8801	78	0.010
8709	78	0.010
7306	80	0.010
8496	80	0.010
7260	78	0.010
7330	75	0.010
7522	77	0.010
8513	77	0.010
7483	78	0.010
7575	80	0.010
7279	80	0.010
8380	80	0.010
8681	77	0.010
7334	77	0.010
8680	77	0.010
8372	77	0.010
7659	77	0.010
7780	77	0.010
8156	77	0.010
7633	77	0.010
8402	77	0.010
7883	77	0.010
8841	80	0.010
8530	81	0.010
8268	81	0.010
7593	82	0.010
8460	80	0.010
7879	81	0.010
9018	81	0.010
7566	82	0.010
8230	81	0.010
8000	80	0.010
7639	80	0.010
7430	80	0.010
7604	79	0.010
8249	78	0.010
9050	78	0.010
7548	79	0.010
7754	81	0.010
9075	81	0.010
9145	77	0.010
8726	76	0.010
7412	77	0.010
8503	78	0.010
8047	78	0.010
8593	79	0.010
7952	77	0.010
8767	77	0.010
8989	78	0.010
8595	78	0.010
8081	78	0.010
9022	78	0.010
9163	77	0.010
8303	78	0.010
9068	79	0.010
7758	79	0.010
7954	78	0.010
7204	78	0.010
7833	80	0.010
7793	84	0.010
9140	84	0.010
8198	84	0.010
7640	81	0.010
8540	79	0.010
7740	80	0.010
9087	85	0.010
8579	85	0.010
7763	82	0.010
7860	81	0.010
8958	81	0.010
8670	81	0.010
7886	80	0.010
7465	80	0.010
8615	81	0.010
8003	79	0.010
8834	78	0.010
8601	77	0.010
7485	78	0.010
8761	78	0.010
8543	79	0.010
8483	81	0.010
7409	81	0.010
8357	79	0.010
7961	77	0.010
8187	76	0.010
8372	76	0.010
8682	77	0.010
7724	77	0.010
9077	78	0.010
7259	79	0.010
7542	78	0.010
7367	78	0.010
8343	79	0.010
8595	79	0.010
8662	83	0.010
8326	83	0.010
8794	82	0.010
9115	79	0.010
7854	80	0.010
8215	82	0.010
7601	82	0.010
7654	82	0.010
7324	82	0.010
8701	80	0.010
7832	79	0.010
8759	79	0.010
8436	79	0.010
8842	80	0.010
9162	80	0.010
9055	79	0.010
7359	79	0.010
7317	78	0.010
7730	77	0.010
9138	77	0.010
8255	77	0.010
7833	77	0.010
7441	77	0.010
8738	77	0.010
7636	77	0.010
9174	77	0.010
8878	77	0.010
9048	77	0.010
7785	77	0.010
8574	77	0.010
8557	77	0.010
8572	78	0.010
7552	78	0.010
7409	78	0.010
8606	81	0.010
7786	83	0.010
8771	80	0.010
9072	79	0.010
8345	79	0.010
8782	79	0.010
8620	80	0.010
7452	78	0.010
9119	78	0.010
7633	79	0.010
8137	80	0.010
9168	80	0.010
7347	80	0.010
8540	81	0.010
7343	81	0.010
9162	80	0.010
7785	78	0.010
8579	78	0.010
8799	79	0.010
7901	81	0.010
8649	79	0.010
8392	77	0.010
7558	77	0.010
8157	78	0.010
8906	78	0.010
7667	78	0.010
8065	77	0.010
8344	78	0.010
8016	78	0.010
8800	78	0.010
9036	78	0.010
7247	77	0.010
8490	77	0.010
7373	79	0.010
8112	79	0.010
8208	79	0.010
8792	78	0.010
7896	76	0.010
7321	77	0.010
9094	78	0.010
8740	78	0.010
8531	76	0.010
7806	76	0.010
8692	77	0.010
7594	77	0.010
8115	80	0.010
9123	80	0.010
7356	80	0.010
7921	80	0.010
8153	80	0.010
7745	80	0.010
7300	80	0.010
7718	80	0.010
7927	81	0.010
8621	81	0.010
7328	79	0.010
8551	78	0.010
7729	79	0.010
8970	79	0.010
9112	78	0.010
7850	78	0.010
8545	78	0.010
7591	79	0.010
8761	77	0.010
8246	76	0.010
7831	75	0.010
7630	76	0.010
7593	78	0.010
8618	79	0.010
8181	79	0.010
7987	76	0.010
7495	75	0.010
7507	76	0.010
8225	76	0.010
8893	78	0.010
7829	76	0.010
8753	76	0.010
8662	77	0.010
8202	78	0.010
7299	79	0.010
8760	76	0.010
8313	76	0.010
9161	76	0.010
8849	76	0.010
7480	76	0.010
8581	76	0.010
8497	76	0.010
7939	76	0.010
8218	76	0.010
8676	76	0.010
9135	80	0.010
9181	82	0.010
7380	80	0.010
8764	80	0.010
7716	79	0.010
8421	78	0.010
9030	78	0.010
7500	78	0.010
7426	78	0.010
7975	77	0.010
8204	75	0.010
8997	75	0.010
7501	79	0.010
7875	82	0.010
7633	82	0.010
8767	75	0.010
8561	75	0.010
7398	80	0.010
8037	80	0.010
8441	79	0.010
7765	78	0.010
7232	78	0.010
8397	79	0.010
7709	79	0.010
8694	79	0.010
9123	78	0.010
8437	79	0.010
7633	80	0.010
8863	83	0.010
7400	83	0.010
7433	80	0.010
7848	80	0.010
7791	85	0.010
8428	85	0.010
8250	81	0.010
8202	81	0.010
8869	81	0.010
9117	81	0.010
7227	79	0.010
7577	80	0.010
8645	80	0.010
8979	80	0.010
7534	79	0.010
8986	79	0.010
7240	79	0.010
7415	76	0.010
7963	76	0.010
8293	78	0.010
7597	81	0.010
7956	79	0.010
8615	77	0.010
8565	77	0.010
7799	78	0.010
7348	78	0.010
7814	78	0.010
8806	78	0.010
8763	78	0.010
8200	78	0.010
7302	79	0.010
7396	79	0.010
9112	79	0.010
8045	79	0.010
8844	81	0.010
7598	82	0.010
7505	83	0.010
7992	82	0.010
8715	80	0.010
7720	80	0.010
9012	81	0.010
7272	81	0.010
7738	81	0.010
7694	81	0.010
8087	81	0.010
8919	81	0.010
8222	81	0.010
7338	80	0.010
7744	80	0.010
9165	81	0.010
7370	81	0.010
7374	82	0.010
9186	82	0.010
7777	79	0.010
8621	77	0.010
7902	78	0.010
8883	81	0.010
7668	82	0.010
8019	81	0.010
8706	78	0.010
7247	78	0.010
8463	78	0.010
8399	78	0.010
9067	79	0.010
8242	78	0.010
8440	79	0.010
8983	79	0.010
8860	79	0.010
7758	79	0.010
8063	79	0.010
8494	79	0.010
7350	81	0.010
7887	82	0.010
8139	82	0.010
7818	80	0.010
8412	79	0.010
7409	79	0.010
8227	80	0.010
8037	80	0.010
9025	80	0.010
7522	78	0.010
8233	78	0.010
9181	80	0.010
8150	80	0.010
7378	81	0.010
8961	81	0.010
8067	81	0.010
7725	82	0.010
7219	82	0.010
8241	82	0.010
9009	79	0.010
8985	79	0.010
7740	78	0.010
9024	79	0.010
8598	80	0.010
8797	81	0.010
8898	78	0.010
7819	78	0.010
7698	79	0.010
9059	79	0.010
7428	79	0.010
8912	78	0.010
8147	79	0.010
7752	79	0.010
7228	79	0.010
8436	79	0.010
8356	78	0.010
8937	77	0.010
8158	77	0.010
7757	79	0.010
9068	80	0.010
7416	81	0.010
7599	78	0.010
9150	78	0.010
9009	78	0.010
8886	78	0.010
8753	83	0.010
9189	82	0.010
8782	78	0.010
7627	79	0.010
8757	79	0.010
8736	79	0.010
7478	80	0.010
8192	80	0.010
7838	81	0.010
7407	82	0.010
8551	83	0.010
8830	83	0.010
7306	80	0.010
8347	80	0.010
8069	80	0.010
8355	83	0.010
8618	83	0.010
7314	83	0.010
8445	83	0.010
8913	83	0.010
7650	81	0.010
8129	80	0.010
7443	79	0.010
7899	79	0.010
7394	79	0.010
8658	79	0.010
8148	79	0.010
8140	78	0.010
7672	78	0.010
8285	77	0.010
8080	77	0.010
8513	77	0.010
8171	80	0.010
7946	80	0.010
7320	78	0.010
8922	78	0.010
8735	78	0.010
7597	78	0.010
8592	79	0.010
7465	79	0.010
8803	79	0.010
8661	79	0.010
7565	80	0.010
8861	79	0.010
8118	79	0.010
8945	79	0.010
7580	80	0.010
8583	81	0.010
7828	83	0.010
7515	85	0.010
7583	83	0.010
7519	81	0.010
8701	81	0.010
8331	84	0.010
7629	84	0.010
8781	82	0.010
8292	81	0.010
7349	80	0.010
7468	80	0.010
8067	80	0.010
8660	80	0.010
7203	79	0.010
7463	79	0.010
9153	81	0.010
8981	79	0.010
7607	76	0.010
7878	78	0.010
7523	79	0.010
8178	79	0.010
7426	79	0.010
8969	80	0.010
8207	80	0.010
7939	80	0.010
8449	80	0.010
8086	80	0.010
8703	80	0.010
8035	76	0.010
7995	77	0.010
7794	78	0.010
8164	78	0.010
8446	79	0.010
7220	79	0.010
8137	78	0.010
7864	78	0.010
7838	78	0.010
7868	83	0.010
8879	84	0.010
8540	84	0.010
8302	81	0.010
9160	79	0.010
9062	79	0.010
8312	81	0.010
9092	81	0.010
7402	81	0.010
8943	81	0.010
8096	81	0.010
8923	80	0.010
8038	80	0.010
8988	80	0.010
8103	80	0.010
7454	81	0.010
8819	81	0.010
8643	79	0.010
7592	78	0.010
8137	77	0.010
7232	77	0.010
8098	78	0.010
8160	81	0.010
7577	81	0.010
8255	81	0.010
7504	77	0.010
8075	77	0.010
8426	77	0.010
8268	77	0.010
7195	77	0.010
8878	77	0.010
8280	77	0.010
8955	76	0.010
7935	77	0.010
8684	78	0.010
8007	78	0.010
8453	77	0.010
8311	78	0.010
8635	80	0.010
7524	83	0.010
8959	83	0.010
8772	79	0.010
8298	79	0.010
8301	79	0.010
8022	80	0.010
7658	81	0.010
8576	81	0.010
8313	79	0.010
8278	79	0.010
8485	79	0.010
7484	79	0.010
7259	80	0.010
8119	80	0.010
8770	81	0.010
7797	81	0.010
8411	82	0.010
8460	80	0.010
8046	78	0.010
8174	77	0.010
7567	79	0.010
8078	81	0.010
7289	81	0.010
8033	79	0.010
8427	77	0.010
8136	76	0.010
7517	77	0.010
7844	78	0.010
8559	78	0.010
7550	76	0.010
7303	76	0.010