0	0	0.010
0	0	0.010
0	0	0.010
0	0	0.010
0	0	0.010
0	0	0.010
0	0	0.010
0	0	0.010
0	0	0.010
0	0	0.010
0	0	0.010
0	0	0.010
0	0	0.010
0	0	0.010
0	0	0.010
0	0	0.010
0	0	0.010
0	0	0.010
0	0	0.010
0	0	0.010
0	0	0.010
6121	0	0.010
6526	0	0.010
6891	0	0.010
7210	0	0.010
7478	-3	0.010
7692	0	0.010
7847	0	0.010
7941	0	0.010
7972	0	0.010
7941	0	0.010
7847	2	0.010
7693	2	0.010
7480	2	0.010
7212	2	0.010
6893	1	0.010
6528	1	0.010
6123	1	0.010
5685	2	0.010
5219	2	0.010
4734	2	0.010
4238	2	0.010
3737	3	0.010
3240	3	0.010
2755	3	0.010
2290	4	0.010
1851	4	0.010
1446	4	0.010
1081	4	0.010
762	4	0.010
493	4	0.010
280	4	0.010
125	4	0.010
31	4	0.010
0	3	0.010
31	3	0.010
124	3	0.010
279	3	0.010
492	3	0.010
760	3	0.010
1079	3	0.010
1444	3	0.010
1849	3	0.010
2287	3	0.010
2753	3	0.010
3237	3	0.010
3734	3	0.010
4235	3	0.010
4731	3	0.010
5216	3	0.010
5682	3	0.010
6121	3	0.010
6526	3	0.010
6891	3	0.010
7210	3	0.010
7478	3	0.010
7692	4	0.010
7847	4	0.010
7941	3	0.010
7972	3	0.010
7941	3	0.010
7847	3	0.010
7693	4	0.010
7480	4	0.010
7212	6	0.010
6893	7	0.010
6528	7	0.010
6123	7	0.010
5685	8	0.010
5219	7	0.010
4734	7	0.010
4238	7	0.010
3737	7	0.010
3240	8	0.010
2755	8	0.010
2290	8	0.010
1851	8	0.010
1446	8	0.010
1081	8	0.010
762	8	0.010
493	8	0.010
280	7	0.010
125	7	0.010
31	7	0.010
0	7	0.010
31	7	0.010
124	8	0.010
279	8	0.010
492	7	0.010
760	7	0.010
1079	7	0.010
1444	7	0.010
1849	7	0.010
2287	7	0.010
2753	7	0.010
3237	7	0.010
3734	7	0.010
4235	7	0.010
4731	7	0.010
5216	7	0.010
5682	7	0.010
6121	7	0.010
6526	7	0.010
6891	7	0.010
7210	7	0.010
7478	8	0.010
7692	8	0.010
7847	8	0.010
7941	8	0.010
7972	8	0.010
7941	8	0.010
7847	8	0.010
7693	9	0.010
7480	9	0.010
7212	9	0.010
6893	9	0.010
6528	10	0.010
6123	10	0.010
5685	10	0.010
5219	10	0.010
4734	10	0.010
4238	10	0.010
3737	10	0.010
3240	11	0.010
2755	11	0.010
2290	11	0.010
1851	11	0.010
1446	10	0.010
1081	10	0.010
762	10	0.010
493	10	0.010
280	10	0.010
125	10	0.010
31	10	0.010
0	9	0.010
31	9	0.010
124	9	0.010
279	9	0.010
492	9	0.010
760	9	0.010
1079	9	0.010
1444	9	0.010
1849	10	0.010
2287	10	0.010
2753	10	0.010
3237	11	0.010
3734	10	0.010
4235	10	0.010
4731	10	0.010
5216	10	0.010
5682	10	0.010
6121	11	0.010
6526	10	0.010
6891	10	0.010
7210	11	0.010
7478	11	0.010
7692	11	0.010
7847	12	0.010
7941	12	0.010
7972	13	0.010
7941	13	0.010
7847	13	0.010
7693	13	0.010
7480	13	0.010
7212	13	0.010
6893	13	0.010
6528	13	0.010
6123	13	0.010
5685	12	0.010
5219	12	0.010
4734	12	0.010
4238	12	0.010
3737	12	0.010
3240	12	0.010
2755	12	0.010
2290	12	0.010
1851	12	0.010
1446	12	0.010
1081	11	0.010
762	11	0.010
493	11	0.010
280	11	0.010
125	11	0.010
31	11	0.010
0	11	0.010
31	12	0.010
124	12	0.010
279	12	0.010
492	12	0.010
760	12	0.010
1079	13	0.010
1444	13	0.010
1849	13	0.010
2287	13	0.010
2753	13	0.010
3237	13	0.010
3734	13	0.010
4235	14	0.010
4731	14	0.010
5216	14	0.010
5682	14	0.010
6121	14	0.010
6526	14	0.010
6891	14	0.010
7210	15	0.010
7478	14	0.010
7692	14	0.010
7847	14	0.010
7941	14	0.010
7972	14	0.010
7941	14	0.010
7847	14	0.010
7693	14	0.010
7480	13	0.010
7212	13	0.010
6893	14	0.010
6528	13	0.010
6123	13	0.010
5685	13	0.010
5219	13	0.010
4734	13	0.010
4238	13	0.010
3737	14	0.010
3240	13	0.010
2755	13	0.010
2290	13	0.010
1851	13	0.010
1446	14	0.010
1081	14	0.010
762	14	0.010
493	14	0.010
280	15	0.010
125	15	0.010
31	14	0.010
0	14	0.010
31	14	0.010
124	14	0.010
279	14	0.010
492	14	0.010
760	15	0.010
1079	15	0.010
1444	14	0.010
1849	15	0.010
2287	15	0.010
2753	15	0.010
3237	15	0.010
3734	16	0.010
4235	15	0.010
4731	15	0.010
5216	16	0.010
5682	16	0.010
6121	16	0.010
6526	16	0.010
6891	16	0.010
7210	16	0.010
7478	17	0.010
7692	17	0.010
7847	16	0.010
7941	16	0.010
7972	16	0.010
7941	16	0.010
7847	16	0.010
7693	16	0.010
7480	16	0.010
7212	16	0.010
6893	16	0.010
6528	16	0.010
6123	16	0.010
5685	16	0.010
5219	16	0.010
4734	16	0.010
4238	16	0.010
3737	16	0.010
3240	16	0.010
2755	16	0.010
2290	16	0.010
1851	16	0.010
1446	16	0.010
1081	16	0.010
762	16	0.010
493	18	0.010
280	18	0.010
125	17	0.010
31	17	0.010
0	17	0.010
31	17	0.010
124	16	0.010
279	16	0.010
492	16	0.010
760	17	0.010
1079	17	0.010
1444	16	0.010
1849	16	0.010
2287	16	0.010
2753	16	0.010
3237	16	0.010
3734	16	0.010
4235	16	0.010
4731	16	0.010
5216	16	0.010
5682	16	0.010
6121	16	0.010
6526	16	0.010
6891	16	0.010
7210	16	0.010
7478	16	0.010
7692	16	0.010
7847	17	0.010
7941	17	0.010
7972	17	0.010
7941	17	0.010
7847	18	0.010
7693	18	0.010
7480	18	0.010
7212	18	0.010
6893	18	0.010
6528	18	0.010
6123	18	0.010
5685	18	0.010
5219	18	0.010
4734	19	0.010
4238	19	0.010
3737	19	0.010
3240	19	0.010
2755	20	0.010
2290	21	0.010
1851	21	0.010
1446	21	0.010
1081	22	0.010
762	22	0.010
493	22	0.010
280	21	0.010
125	20	0.010
31	20	0.010
0	19	0.010
31	19	0.010
124	19	0.010
279	19	0.010
492	18	0.010
760	18	0.010
1079	18	0.010
1444	18	0.010
1849	18	0.010
2287	17	0.010
2753	17	0.010
3485	18	0.010
3984	18	0.010
4484	18	0.010
4976	18	0.010
5452	18	0.010
5905	18	0.010
6328	19	0.010
6714	19	0.010
7056	19	0.010
7351	20	0.010
7592	20	0.010
7777	20	0.010
7901	20	0.010
7964	20	0.010
7964	20	0.010
7902	20	0.010
7778	20	0.010
7593	21	0.010
7352	20	0.010
7058	20	0.010
6716	20	0.010
6330	21	0.010
5908	21	0.010
5455	21	0.010
4979	21	0.010
4487	21	0.010
3987	21	0.010
3488	20	0.010
2996	20	0.010
2520	20	0.010
2067	20	0.010
1644	20	0.010
1258	19	0.010
915	20	0.010
621	20	0.010
380	20	0.010
195	19	0.010
70	19	0.010
7	19	0.010
7	19	0.010
70	20	0.010
194	20	0.010
378	20	0.010
619	20	0.010
913	20	0.010
1256	20	0.010
1641	21	0.010
2064	21	0.010
2517	21	0.010
2993	21	0.010
3485	21	0.010
3984	21	0.010
4484	21	0.010
4976	21	0.010
5452	21	0.010
5905	22	0.010
6328	22	0.010
6714	22	0.010
7056	21	0.010
7351	21	0.010
7592	21	0.010
7777	21	0.010
7901	21	0.010
7964	20	0.010
7964	20	0.010
7902	20	0.010
7778	21	0.010
7593	21	0.010
7352	21	0.010
7058	21	0.010
6716	21	0.010
6330	21	0.010
5908	22	0.010
5455	22	0.010
4979	21	0.010
4487	21	0.010
3987	21	0.010
3488	21	0.010
2996	20	0.010
2520	20	0.010
2067	20	0.010
1644	20	0.010
1258	20	0.010
915	20	0.010
621	20	0.010
380	20	0.010
195	21	0.010
70	21	0.010
7	21	0.010
7	22	0.010
70	23	0.010
194	22	0.010
378	22	0.010
619	22	0.010
913	23	0.010
1256	22	0.010
1641	22	0.010
2064	22	0.010
2517	22	0.010
2993	22	0.010
3485	21	0.010
3984	21	0.010
4484	21	0.010
4976	21	0.010
5452	21	0.010
5905	21	0.010
6328	21	0.010
6714	22	0.010
7056	22	0.010
7351	21	0.010
7592	21	0.010
7777	23	0.010
7901	23	0.010
7964	22	0.010
7964	22	0.010
7902	21	0.010
7778	21	0.010
7593	21	0.010
7352	21	0.010
7058	21	0.010
6716	21	0.010
6330	22	0.010
5908	22	0.010
5455	22	0.010
4979	24	0.010
4487	25	0.010
3987	27	0.010
3488	27	0.010
2996	27	0.010
2520	28	0.010
2067	28	0.010
1644	28	0.010
1258	26	0.010
915	26	0.010
621	26	0.010
380	25	0.010
195	25	0.010
70	24	0.010
7	24	0.010
7	25	0.010
70	25	0.010
194	24	0.010
378	24	0.010
619	25	0.010
913	25	0.010
1256	25	0.010
1641	24	0.010
2064	24	0.010
2517	23	0.010
2993	23	0.010
3485	23	0.010
3984	23	0.010
4484	23	0.010
4976	22	0.010
5452	23	0.010
5905	23	0.010
6328	24	0.010
6714	24	0.010
7056	24	0.010
7351	24	0.010
7592	24	0.010
7777	25	0.010
7901	26	0.010
7964	26	0.010
7964	26	0.010
7902	26	0.010
7778	26	0.010
7593	25	0.010
7352	25	0.010
7058	26	0.010
6716	26	0.010
6330	25	0.010
5908	24	0.010
5455	24	0.010
4979	25	0.010
4487	25	0.010
3987	24	0.010
3488	24	0.010
2996	24	0.010
2520	23	0.010
2067	23	0.010
1644	23	0.010
1258	24	0.010
915	24	0.010
621	22	0.010
380	23	0.010
195	23	0.010
70	23	0.010
7	23	0.010
7	23	0.010
70	23	0.010
194	23	0.010
378	24	0.010
619	24	0.010
913	25	0.010
1256	25	0.010
1641	27	0.010
2064	27	0.010
2517	27	0.010
2993	27	0.010
3485	27	0.010
3984	28	0.010
4484	27	0.010
4976	26	0.010
5452	26	0.010
5905	26	0.010
6328	27	0.010
6714	26	0.010
7056	26	0.010
7351	26	0.010
7592	26	0.010
7777	27	0.010
7901	28	0.010
7964	28	0.010
7964	26	0.010
7902	26	0.010
7778	25	0.010
7593	24	0.010
7352	25	0.010
7058	24	0.010
6716	25	0.010
6330	25	0.010
5908	24	0.010
5455	25	0.010
4979	25	0.010
4487	26	0.010
3987	26	0.010
3488	26	0.010
2996	26	0.010
2520	26	0.010
2067	26	0.010
1644	27	0.010
1258	28	0.010
915	27	0.010
621	27	0.010
380	27	0.010
195	27	0.010
70	27	0.010
7	27	0.010
7	28	0.010
70	28	0.010
194	28	0.010
378	29	0.010
619	29	0.010
913	28	0.010
1256	27	0.010
1641	27	0.010
2064	26	0.010
2517	26	0.010
2993	26	0.010
3485	26	0.010
3984	26	0.010
4484	25	0.010
4976	25	0.010
5452	25	0.010
5905	25	0.010
6328	25	0.010
6714	25	0.010
7056	25	0.010
7351	24	0.010
7592	26	0.010
7777	26	0.010
7901	28	0.010
7964	29	0.010
7964	29	0.010
7902	29	0.010
7778	29	0.010
7593	29	0.010
7352	30	0.010
7058	29	0.010
6716	29	0.010
6330	29	0.010
5908	29	0.010
5455	29	0.010
4979	29	0.010
4487	29	0.010
3987	29	0.010
3488	29	0.010
2996	29	0.010
2520	28	0.010
2067	27	0.010
1644	28	0.010
1258	28	0.010
915	28	0.010
621	28	0.010
380	28	0.010
195	28	0.010
70	27	0.010
7	27	0.010
7	27	0.010
70	27	0.010
194	27	0.010
378	27	0.010
619	27	0.010
913	27	0.010
1256	27	0.010
1641	27	0.010
2064	27	0.010
2517	27	0.010
2993	27	0.010
3485	28	0.010
3984	28	0.010
4484	28	0.010
4976	28	0.010
5452	28	0.010
5905	29	0.010
6328	29	0.010
6714	31	0.010
7056	31	0.010
7351	30	0.010
7592	30	0.010
7777	30	0.010
7901	29	0.010
7964	29	0.010
7964	29	0.010
7902	29	0.010
7778	29	0.010
7593	28	0.010
7352	28	0.010
7058	27	0.010
6716	28	0.010
6330	28	0.010
5908	27	0.010
5455	27	0.010
4979	27	0.010
4487	27	0.010
3987	27	0.010
3488	27	0.010
2996	27	0.010
2520	27	0.010
2067	28	0.010
1644	28	0.010
1258	28	0.010
915	28	0.010
621	28	0.010
380	28	0.010
195	28	0.010
70	29	0.010
7	29	0.010
7	30	0.010
70	30	0.010
194	29	0.010
378	29	0.010
619	29	0.010
913	29	0.010
1256	29	0.010
1641	29	0.010
2064	29	0.010
2517	29	0.010
2993	29	0.010
3485	29	0.010
3984	29	0.010
4484	29	0.010
4976	29	0.010
5452	29	0.010
5905	29	0.010
6328	29	0.010
6714	28	0.010
7056	27	0.010
7351	27	0.010
7592	27	0.010
7777	27	0.010
7901	27	0.010
7964	28	0.010
7964	29	0.010
7902	29	0.010
7778	30	0.010
7593	31	0.010
7352	31	0.010
7058	31	0.010
6716	32	0.010
6330	32	0.010
5908	32	0.010
5455	31	0.010
4979	31	0.010
4487	31	0.010
3987	31	0.010
3488	32	0.010
2996	31	0.010
2520	31	0.010
2067	31	0.010
1644	31	0.010
1258	31	0.010
915	30	0.010
621	30	0.010
380	30	0.010
195	30	0.010
70	30	0.010
7	31	0.010
7	29	0.010
70	29	0.010
194	29	0.010
378	29	0.010
619	29	0.010
913	29	0.010
1256	30	0.010
1641	30	0.010
2064	30	0.010
2517	29	0.010
2993	28	0.010
3485	29	0.010
3984	29	0.010
4484	29	0.010
4976	29	0.010
5452	29	0.010
5905	29	0.010
6328	30	0.010
6714	31	0.010
7056	31	0.010
7351	32	0.010
7592	32	0.010
7777	32	0.010
7901	31	0.010
7964	31	0.010
7964	31	0.010
7902	31	0.010
7778	31	0.010
7593	30	0.010
7352	30	0.010
7058	29	0.010
6716	29	0.010
6330	29	0.010
5908	29	0.010
5455	29	0.010
4979	29	0.010
4487	29	0.010
3987	29	0.010
3488	29	0.010
2996	29	0.010
2520	29	0.010
2067	29	0.010
1644	29	0.010
1258	29	0.010
915	30	0.010
621	30	0.010
380	29	0.010
195	29	0.010
70	30	0.010
7	30	0.010
7	30	0.010
70	30	0.010
194	30	0.010
378	30	0.010
619	30	0.010
913	30	0.010
1256	29	0.010
1641	30	0.010
2064	30	0.010
2517	30	0.010
2993	31	0.010
3485	31	0.010
3984	30	0.010
4484	31	0.010
4976	31	0.010
5452	31	0.010
5905	30	0.010
6328	30	0.010
6714	29	0.010
7056	29	0.010
7351	29	0.010
7592	28	0.010
7777	29	0.010
7901	29	0.010
7964	30	0.010
7964	30	0.010
7902	30	0.010
7778	30	0.010
7593	32	0.010
7352	32	0.010
7058	31	0.010
6716	30	0.010
6330	30	0.010
5908	30	0.010
5455	30	0.010
4979	30	0.010
4487	30	0.010
3987	31	0.010
3488	31	0.010
2996	32	0.010
2520	32	0.010
2067	31	0.010
1644	31	0.010
1258	31	0.010
915	31	0.010
621	31	0.010
380	32	0.010
195	32	0.010
70	31	0.010
7	31	0.010
7	31	0.010
70	31	0.010
194	32	0.010
378	32	0.010
619	31	0.010
913	31	0.010
1256	30	0.010
1641	30	0.010
2064	29	0.010
2517	29	0.010
2993	28	0.010
3485	29	0.010
3984	29	0.010
4484	29	0.010
4976	29	0.010
5452	29	0.010
5905	30	0.010
6328	29	0.010
6714	30	0.010
7056	30	0.010
7351	30	0.010
7592	31	0.010
7777	31	0.010
7901	31	0.010
7964	31	0.010
7964	32	0.010
7902	30	0.010
7778	30	0.010
7593	31	0.010
7352	30	0.010
7058	30	0.010
6716	31	0.010
6330	31	0.010
5908	32	0.010
5455	32	0.010
4979	32	0.010
4487	30	0.010
3987	30	0.010
3488	30	0.010
2996	30	0.010
2520	30	0.010
2067	29	0.010
1644	29	0.010
1258	29	0.010
915	29	0.010
621	29	0.010
380	29	0.010
195	29	0.010
70	30	0.010
7	30	0.010
7	29	0.010
70	29	0.010
194	29	0.010
378	29	0.010
619	29	0.010
913	29	0.010
1256	29	0.010
1641	28	0.010
2064	30	0.010
2517	30	0.010
2993	30	0.010
3485	30	0.010
3984	30	0.010
4484	32	0.010
4976	32	0.010
5452	32	0.010
5905	32	0.010
6328	31	0.010
6714	32	0.010
7056	31	0.010
7351	30	0.010
7592	30	0.010
7777	30	0.010
7901	30	0.010
7964	30	0.010
7964	29	0.010
7902	30	0.010
7778	30	0.010
7593	33	0.010
7352	33	0.010
7058	30	0.010
6716	29	0.010
6330	28	0.010
5908	29	0.010
5455	29	0.010
4979	29	0.010
4487	29	0.010
3987	30	0.010
3488	31	0.010
2996	31	0.010
2520	31	0.010
2067	31	0.010
1644	32	0.010
1258	32	0.010
915	32	0.010
621	32	0.010
380	31	0.010
195	31	0.010
70	31	0.010
7	31	0.010
7	33	0.010
70	33	0.010
194	33	0.010
378	33	0.010
619	33	0.010
913	32	0.010
1256	30	0.010
1641	29	0.010
2064	29	0.010
2517	29	0.010
2993	29	0.010
3485	28	0.010
3984	29	0.010
4484	29	0.010
4976	28	0.010
5452	28	0.010
5905	29	0.010
6328	29	0.010
6714	29	0.010
7056	29	0.010
7351	29	0.010
7592	31	0.010
7777	31	0.010
7901	31	0.010
7964	30	0.010
7964	30	0.010
7902	30	0.010
7778	30	0.010
7593	30	0.010
7352	32	0.010
7058	32	0.010
6716	32	0.010
6330	32	0.010
5908	32	0.010
5455	32	0.010
4979	31	0.010
4487	31	0.010
3987	30	0.010
3488	30	0.010
2996	30	0.010
2520	29	0.010
2067	29	0.010
1644	29	0.010
1258	29	0.010
915	29	0.010
621	29	0.010
380	29	0.010
195	29	0.010
70	29	0.010
7	29	0.010
7	29	0.010
70	29	0.010
194	29	0.010
378	28	0.010
619	29	0.010
913	29	0.010
1256	29	0.010
1641	30	0.010
2064	30	0.010
2517	30	0.010
2993	31	0.010
3485	31	0.010
3984	31	0.010
4484	32	0.010
4976	32	0.010
5452	32	0.010
5905	32	0.010
6328	32	0.010
6714	31	0.010
7056	31	0.010
7351	29	0.010
7592	29	0.010
7777	29	0.010
7901	30	0.010
7964	30	0.010
7964	30	0.010
7902	30	0.010
7778	30	0.010
7593	30	0.010
7352	29	0.010
7058	29	0.010
6716	29	0.010
6330	29	0.010
5908	29	0.010
5455	29	0.010
4979	29	0.010
4487	30	0.010
3987	30	0.010
3488	30	0.010
2996	31	0.010
2520	31	0.010
2067	31	0.010
1644	32	0.010
1258	31	0.010
915	31	0.010
621	32	0.010
380	32	0.010
195	32	0.010
70	32	0.010
7	32	0.010
7	32	0.010
70	33	0.010
194	33	0.010
378	33	0.010
619	32	0.010
913	32	0.010
1256	31	0.010
1641	31	0.010
2064	30	0.010
2517	29	0.010
2993	29	0.010
3485	28	0.010
3984	28	0.010
4484	29	0.010
4976	29	0.010
5452	28	0.010
5905	29	0.010
6328	29	0.010
6714	30	0.010
7056	31	0.010
7351	30	0.010
7592	30	0.010
7777	31	0.010
7901	31	0.010
7964	31	0.010
7964	31	0.010
7902	32	0.010
7778	32	0.010
7593	32	0.010
7352	32	0.010
7058	32	0.010
6716	33	0.010
6330	33	0.010
5908	33	0.010
5455	32	0.010
4979	32	0.010
4487	31	0.010
3987	30	0.010
3488	30	0.010
2996	30	0.010
2520	30	0.010
2067	30	0.010
1644	30	0.010
1258	30	0.010
915	30	0.010
621	29	0.010
380	28	0.010
195	28	0.010
70	28	0.010
7	28	0.010
7	29	0.010
70	29	0.010
194	29	0.010
378	29	0.010
619	29	0.010
913	30	0.010
1256	30	0.010
1641	30	0.010
2064	31	0.010
2517	32	0.010
2993	32	0.010
3485	32	0.010
3984	32	0.010
4484	32	0.010
4976	32	0.010
5452	32	0.010
5905	31	0.010
6328	30	0.010
6714	31	0.010
7056	31	0.010
7351	31	0.010
7592	31	0.010
7777	30	0.010
7901	31	0.010
7964	31	0.010
7964	31	0.010
7902	29	0.010
7778	29	0.010
7593	29	0.010
7352	29	0.010
7058	29	0.010
6716	29	0.010
6330	30	0.010
5908	30	0.010
5455	30	0.010
4979	29	0.010
4487	29	0.010
3987	30	0.010
3488	30	0.010
2996	31	0.010
2520	31	0.010
2067	31	0.010
1644	31	0.010
1258	31	0.010
915	31	0.010
621	31	0.010
380	32	0.010
195	32	0.010
70	33	0.010
7	34	0.010
7	34	0.010
70	34	0.010
194	34	0.010
378	33	0.010
619	32	0.010
913	31	0.010
1256	31	0.010
1641	31	0.010
2064	31	0.010
2517	31	0.010
2993	31	0.010
3485	31	0.010
3984	31	0.010
4484	31	0.010
4976	29	0.010
5452	30	0.010
5905	30	0.010
6328	30	0.010
6714	30	0.010
7056	29	0.010
7351	29	0.010
7592	31	0.010
7777	31	0.010
7901	30	0.010
7964	31	0.010
7964	32	0.010
7902	32	0.010
7778	32	0.010
7593	32	0.010
7352	32	0.010
7058	32	0.010
6716	32	0.010
6330	32	0.010
5908	32	0.010
5455	32	0.010
4979	32	0.010
4487	32	0.010
3987	32	0.010
3488	32	0.010
2996	32	0.010
2520	31	0.010
2067	31	0.010
1644	31	0.010
1258	31	0.010
915	31	0.010
621	31	0.010
380	31	0.010
195	31	0.010
70	29	0.010
7	29	0.010
7	29	0.010
70	29	0.010
194	29	0.010
378	30	0.010
619	31	0.010
913	31	0.010
1256	31	0.010
1641	32	0.010
2064	32	0.010
2517	31	0.010
2993	31	0.010
3485	31	0.010
4484	31	0.010
3984	31	0.010
5452	31	0.010
5905	31	0.010
6328	31	0.010
6714	31	0.010
7056	31	0.010
7351	32	0.010
7592	32	0.010
7777	32	0.010
7901	31	0.010
7964	30	0.010
7964	30	0.010
7902	30	0.010
7778	30	0.010
7593	30	0.010
7352	30	0.010
7058	30	0.010
6716	29	0.010
6330	29	0.010
5908	29	0.010
5455	29	0.010
4979	30	0.010
4487	30	0.010
3987	30	0.010
3488	30	0.010
2996	31	0.010
2520	31	0.010
2067	31	0.010
1644	31	0.010
1258	31	0.010
915	31	0.010
621	32	0.010
380	32	0.010
195	32	0.010
70	34	0.010
7	34	0.010
7	33	0.010
70	33	0.010
194	32	0.010
378	31	0.010
619	30	0.010
913	31	0.010
1256	31	0.010
1641	30	0.010
2064	30	0.010
2517	30	0.010
2993	30	0.010
3485	30	0.010
3984	30	0.010
4484	30	0.010
4976	29	0.010
5452	29	0.010
5905	29	0.010
6328	30	0.010
6714	30	0.010
7056	30	0.010
7351	30	0.010
7592	30	0.010
7777	30	0.010
7901	30	0.010
7964	30	0.010
7964	30	0.010
7902	30	0.010
7778	31	0.010
7593	32	0.010
7352	33	0.010
7058	33	0.010
6716	33	0.010
6330	33	0.010
5908	33	0.010
5455	32	0.010
4979	32	0.010
4487	32	0.010
3987	33	0.010
3488	33	0.010
2996	34	0.010
2520	33	0.010
2067	32	0.010
1644	32	0.010
1258	31	0.010
915	31	0.010
621	30	0.010
380	29	0.010
195	30	0.010
70	31	0.010
7	30	0.010
7	31	0.010
70	31	0.010
194	31	0.010
378	31	0.010
619	31	0.010
913	31	0.010
1256	30	0.010
1641	30	0.010
2064	30	0.010
2517	29	0.010
2993	30	0.010
3485	30	0.010
3984	30	0.010
4484	30	0.010
4976	31	0.010
5452	32	0.010
5905	31	0.010
6328	31	0.010
6714	31	0.010
7056	32	0.010
7351	32	0.010
7592	32	0.010
7777	32	0.010
7901	32	0.010
7964	32	0.010
7964	31	0.010
7902	30	0.010
7778	30	0.010
7593	30	0.010
7352	30	0.010
7058	30	0.010
6716	30	0.010
6330	30	0.010
5908	31	0.010
5455	30	0.010
4979	30	0.010
4487	30	0.010
3987	30	0.010
3488	29	0.010
2996	29	0.010
2520	29	0.010
2067	29	0.010
1644	30	0.010
1258	30	0.010
915	31	0.010
621	32	0.010
380	32	0.010
195	31	0.010
70	31	0.010
7	31	0.010
7	31	0.010
70	31	0.010
194	31	0.010
378	31	0.010
619	30	0.010
913	30	0.010
1256	29	0.010
1641	29	0.010
2064	29	0.010
2517	30	0.010
2993	31	0.010
3485	30	0.010
3984	30	0.010
4484	31	0.010
4976	30	0.010
5452	30	0.010
5905	30	0.010
6328	30	0.010
6714	30	0.010
7056	30	0.010
7351	30	0.010
7592	30	0.010
7777	30	0.010
7901	30	0.010
7964	30	0.010
7964	31	0.010
7902	31	0.010
7778	31	0.010
7593	32	0.010
7352	32	0.010
7058	30	0.010
6716	30	0.010
6330	30	0.010
5908	30	0.010
5455	31	0.010
4979	32	0.010
4487	32	0.010
3987	32	0.010
3488	32	0.010
2996	35	0.010
2520	35	0.010
2067	34	0.010
1644	33	0.010
1258	31	0.010
915	31	0.010
621	31	0.010
380	31	0.010
195	31	0.010
70	31	0.010
7	31	0.010
7	31	0.010
70	31	0.010
194	31	0.010
378	31	0.010
619	31	0.010
913	31	0.010
1256	31	0.010
1641	30	0.010
2064	30	0.010
2517	30	0.010
2993	30	0.010
3485	30	0.010
3984	30	0.010
4484	30	0.010
4976	30	0.010
5452	30	0.010
5905	30	0.010
6328	31	0.010
6714	31	0.010
7056	32	0.010
7351	31	0.010
7592	31	0.010
7777	32	0.010
7901	32	0.010
7964	32	0.010
7964	31	0.010
7902	31	0.010
7778	32	0.010
7593	32	0.010
7352	32	0.010
7058	32	0.010
6716	32	0.010
6330	32	0.010
5908	32	0.010
5455	32	0.010
4979	32	0.010
4487	32	0.010
3987	28	0.010
3488	28	0.010
2996	28	0.010
2520	29	0.010
2067	29	0.010
1644	29	0.010
1258	30	0.010
915	31	0.010
621	32	0.010
380	31	0.010
195	30	0.010
70	30	0.010
7	30	0.010
7	29	0.010
70	29	0.010
279	29	0.010
492	29	0.010
760	29	0.010
1079	29	0.010
1444	29	0.010
1849	29	0.010
2287	29	0.010
2753	32	0.010
3237	32	0.010
3734	32	0.010
4235	31	0.010
4731	31	0.010
5216	30	0.010
5682	30	0.010
6120	30	0.010
6526	30	0.010
6891	29	0.010
7210	29	0.010
7478	31	0.010
7692	31	0.010
7847	31	0.010
7941	31	0.010
7972	31	0.010
7941	31	0.010
7847	31	0.010
7693	31	0.010
7480	31	0.010
7212	31	0.010
6893	31	0.010
6528	30	0.010
6123	32	0.010
5685	33	0.010
5219	35	0.010
4734	35	0.010
4238	37	0.010
3737	37	0.010
3240	37	0.010
2755	34	0.010
2290	34	0.010
1851	34	0.010
1446	33	0.010
1081	33	0.010
762	33	0.010
493	34	0.010
280	35	0.010
125	35	0.010
31	35	0.010
0	35	0.010
31	33	0.010
124	33	0.010
279	33	0.010
492	31	0.010
760	30	0.010
1079	30	0.010
1444	31	0.010
1849	31	0.010
2287	31	0.010
2753	31	0.010
3237	31	0.010
3734	31	0.010
4235	31	0.010
4731	31	0.010
5216	31	0.010
5682	31	0.010
6120	31	0.010
6526	32	0.010
6891	33	0.010
7210	33	0.010
7478	32	0.010
7692	33	0.010
7847	34	0.010
7941	34	0.010
7972	33	0.010
7941	33	0.010
7847	33	0.010
7693	32	0.010
7480	32	0.010
7212	31	0.010
6893	31	0.010
6528	29	0.010
6123	29	0.010
5685	29	0.010
5219	29	0.010
4734	29	0.010
4238	29	0.010
3737	31	0.010
3240	32	0.010
2755	32	0.010
2290	32	0.010
1851	32	0.010
1446	31	0.010
1081	31	0.010
762	30	0.010
493	29	0.010
280	29	0.010
125	29	0.010
31	30	0.010
0	31	0.010
31	32	0.010
124	34	0.010
279	35	0.010
492	33	0.010
760	33	0.010
1079	33	0.010
1444	33	0.010
1849	33	0.010
2287	33	0.010
2753	32	0.010
3237	33	0.010
3734	33	0.010
4235	32	0.010
4731	32	0.010
5216	32	0.010
5682	32	0.010
6120	32	0.010
6526	32	0.010
6891	32	0.010
7210	31	0.010
7478	31	0.010
7692	31	0.010
7847	30	0.010
7941	29	0.010
7972	30	0.010
7941	30	0.010
7847	31	0.010
7693	32	0.010
7480	32	0.010
7212	34	0.010
6893	35	0.010
6528	35	0.010
6123	36	0.010
5685	36	0.010
5219	36	0.010
4734	34	0.010
4238	34	0.010
3737	35	0.010
3240	35	0.010
2755	36	0.010
2290	36	0.010
1851	38	0.010
1446	38	0.010
1081	37	0.010
762	35	0.010
493	34	0.010
280	34	0.010
125	34	0.010
31	33	0.010
0	33	0.010
31	33	0.010
124	32	0.010
279	32	0.010
492	32	0.010
760	32	0.010
1079	32	0.010
1444	31	0.010
1849	31	0.010
2287	31	0.010
2753	32	0.010
3237	32	0.010
3734	32	0.010
4235	33	0.010
4731	33	0.010
5216	33	0.010
5682	33	0.010
6120	33	0.010
6526	33	0.010
6891	33	0.010
7210	33	0.010
7478	33	0.010
7692	33	0.010
7847	33	0.010
7941	33	0.010
7972	32	0.010
7941	32	0.010
7847	32	0.010
7693	32	0.010
7480	32	0.010
7212	32	0.010
6893	32	0.010
6528	32	0.010
6123	34	0.010
5685	34	0.010
5219	32	0.010
4734	31	0.010
4238	31	0.010
3737	31	0.010
3240	31	0.010
2755	31	0.010
2290	31	0.010
1851	31	0.010
1446	31	0.010
1081	31	0.010
762	31	0.010
493	31	0.010
280	31	0.010
125	31	0.010
31	32	0.010
0	32	0.010
31	32	0.010
124	32	0.010
279	32	0.010
492	33	0.010
760	33	0.010
1079	33	0.010
1444	33	0.010
1849	34	0.010
2287	34	0.010
2753	34	0.010
3237	33	0.010
3734	32	0.010
4235	32	0.010
4731	32	0.010
5216	32	0.010
5682	32	0.010
6120	33	0.010
6526	33	0.010
6891	33	0.010
7210	33	0.010
7478	33	0.010
7692	33	0.010
7847	33	0.010
7941	33	0.010
7972	33	0.010
7941	33	0.010
7847	32	0.010
7693	32	0.010
7480	33	0.010
7212	34	0.010
6893	35	0.010
6528	36	0.010
6123	36	0.010
5685	36	0.010
5219	36	0.010
4734	36	0.010
4238	36	0.010
3737	35	0.010
3240	35	0.010
2755	35	0.010
2290	35	0.010
1851	35	0.010
1446	35	0.010
1081	35	0.010
762	35	0.010
493	35	0.010
280	35	0.010
125	35	0.010
31	35	0.010
0	35	0.010
31	35	0.010
124	33	0.010
279	34	0.010
492	34	0.010
760	34	0.010
1079	34	0.010
1444	34	0.010
1849	33	0.010
2287	33	0.010
2753	33	0.010
3237	32	0.010
3734	32	0.010
4235	32	0.010
4731	32	0.010
5216	32	0.010
5682	32	0.010
6120	33	0.010
6526	34	0.010
6891	35	0.010
7210	36	0.010
7478	36	0.010
7847	35	0.010
7941	34	0.010
7972	34	0.010
7941	34	0.010
7847	34	0.010
7693	34	0.010
7480	34	0.010
7212	33	0.010
6893	33	0.010
6528	33	0.010
6123	33	0.010
5685	33	0.010
5219	33	0.010
4734	33	0.010
4238	33	0.010
3737	33	0.010
3240	33	0.010
2755	33	0.010
2290	33	0.010
1851	33	0.010
1446	32	0.010
1081	33	0.010
762	33	0.010
493	33	0.010
280	33	0.010
125	33	0.010
31	33	0.010
0	33	0.010
31	33	0.010
124	33	0.010
279	34	0.010
492	34	0.010
760	35	0.010
1079	35	0.010
1444	35	0.010
1849	35	0.010
2287	34	0.010
2753	34	0.010
3237	33	0.010
3734	33	0.010
4235	33	0.010
4731	33	0.010
5216	32	0.010
5682	32	0.010
6120	32	0.010
6526	33	0.010
6891	33	0.010
7210	33	0.010
7478	33	0.010
7692	33	0.010
7847	33	0.010
7941	33	0.010
7972	33	0.010
7941	33	0.010
7847	33	0.010
7693	33	0.010
7480	33	0.010
7212	33	0.010
6893	33	0.010
6528	34	0.010
6123	34	0.010
5685	35	0.010
5219	35	0.010
4734	35	0.010
4238	35	0.010
3737	35	0.010
3240	35	0.010
2755	35	0.010
2290	35	0.010
1851	35	0.010
1446	35	0.010
1081	35	0.010
762	35	0.010
493	36	0.010
280	36	0.010
125	36	0.010
31	33	0.010
0	33	0.010
31	32	0.010
124	32	0.010
279	32	0.010
492	32	0.010
760	32	0.010
1079	34	0.010
1444	34	0.010
1849	33	0.010
2287	33	0.010
2753	34	0.010
3237	33	0.010
3734	33	0.010
4235	33	0.010
4731	33	0.010
5216	32	0.010
5682	32	0.010
6120	32	0.010
6526	33	0.010
6891	33	0.010
7210	34	0.010
7478	34	0.010
7692	33	0.010
7847	33	0.010
7941	34	0.010
7972	34	0.010
7941	34	0.010
7847	34	0.010
7693	34	0.010
7480	34	0.010
7212	33	0.010
6893	33	0.010
6528	33	0.010
6123	33	0.010
5685	33	0.010
5219	33	0.010
4734	32	0.010
4238	32	0.010
3737	32	0.010
3240	32	0.010
2755	32	0.010
2290	31	0.010
1851	30	0.010
1446	31	0.010
1081	32	0.010
762	32	0.010
493	32	0.010
280	32	0.010
125	33	0.010
31	35	0.010
0	34	0.010
31	34	0.010
124	34	0.010
279	33	0.010
492	33	0.010
760	33	0.010
1079	33	0.010
1444	33	0.010
1849	33	0.010
2287	33	0.010
2753	33	0.010
3237	32	0.010
3734	35	0.010
4235	36	0.010
4731	34	0.010
5216	33	0.010
5682	32	0.010
6120	32	0.010
6526	32	0.010
6891	32	0.010
7210	32	0.010
7478	32	0.010
7692	32	0.010
7847	32	0.010
7941	32	0.010
7972	32	0.010
7941	33	0.010
7847	33	0.010
7693	33	0.010
7480	32	0.010
7212	32	0.010
6893	32	0.010
6528	32	0.010
6123	32	0.010
5685	34	0.010
5219	35	0.010
4734	35	0.010
4238	35	0.010
3737	35	0.010
3240	35	0.010
2755	35	0.010
2290	35	0.010
1851	35	0.010
1446	35	0.010
1081	35	0.010
762	35	0.010
493	35	0.010
280	35	0.010
125	35	0.010
31	35	0.010
0	35	0.010
31	35	0.010
124	35	0.010
279	35	0.010
492	31	0.010
760	32	0.010
1079	32	0.010
1444	32	0.010
1849	32	0.010
2287	32	0.010
2753	32	0.010
3237	32	0.010
3734	32	0.010
4235	32	0.010
4731	32	0.010
5216	32	0.010
5682	32	0.010
6120	32	0.010
6526	32	0.010
6891	33	0.010
7210	33	0.010
7478	33	0.010
7692	33	0.010
7847	33	0.010
7941	33	0.010
7972	33	0.010
7941	33	0.010
7847	33	0.010
7693	33	0.010
7480	33	0.010
7212	33	0.010
6893	31	0.010
6528	31	0.010
6123	30	0.010
5685	30	0.010
5219	30	0.010
4734	30	0.010
4238	30	0.010
3737	30	0.010
3240	30	0.010
2755	30	0.010
2290	30	0.010
1851	30	0.010
1446	30	0.010
1081	31	0.010
762	31	0.010
493	31	0.010
280	31	0.010
125	30	0.010
31	31	0.010
0	32	0.010
31	32	0.010
124	32	0.010
279	32	0.010
492	32	0.010
760	32	0.010
1079	32	0.010
1444	32	0.010
1849	32	0.010
2287	32	0.010
2753	32	0.010
3237	32	0.010
3734	32	0.010
4235	33	0.010
4731	33	0.010
5216	32	0.010
5682	32	0.010
6120	32	0.010
6526	32	0.010
6891	32	0.010
7210	31	0.010
7478	31	0.010
7692	30	0.010
7847	30	0.010
7941	29	0.010
7972	29	0.010
7941	30	0.010
7847	31	0.010
7693	32	0.010
7480	34	0.010
7212	34	0.010
6893	36	0.010
6528	36	0.010
6123	36	0.010
5685	36	0.010
5219	35	0.010
4734	35	0.010
4238	34	0.010
3737	34	0.010
3240	35	0.010
2755	35	0.010
2290	36	0.010
1851	38	0.010
1446	38	0.010
1081	37	0.010
762	35	0.010
493	35	0.010
280	34	0.010
125	34	0.010
31	34	0.010
0	34	0.010
31	32	0.010
124	32	0.010
279	32	0.010
492	32	0.010
760	31	0.010
1079	31	0.010
1444	31	0.010
1849	31	0.010
2287	31	0.010
2753	32	0.010
3237	32	0.010
3734	32	0.010
4235	33	0.010
4731	33	0.010
5216	33	0.010
5682	33	0.010
6120	34	0.010
6526	34	0.010
6891	33	0.010
7210	33	0.010
7478	32	0.010
7692	32	0.010
7847	33	0.010
7941	33	0.010
7972	32	0.010
7941	31	0.010
7847	31	0.010
7693	31	0.010
7480	32	0.010
7212	33	0.010
6893	33	0.010
6528	34	0.010
6123	34	0.010
5685	33	0.010
5219	32	0.010
4734	31	0.010
4238	31	0.010
3737	30	0.010
3240	29	0.010
2755	29	0.010
2290	30	0.010
1851	30	0.010
1446	30	0.010
1081	31	0.010
762	31	0.010
493	31	0.010
280	31	0.010
125	32	0.010
31	33	0.010
0	33	0.010
31	33	0.010
124	33	0.010
279	33	0.010
492	33	0.010
760	32	0.010
1079	32	0.010
1444	33	0.010
1849	33	0.010
2287	32	0.010
2752	32	0.010
3237	32	0.010
3734	32	0.010
4235	32	0.010
4731	32	0.010
5216	32	0.010
5682	32	0.010
6120	31	0.010
6526	31	0.010
6891	31	0.010
7210	31	0.010
7478	31	0.010
7692	32	0.010
7847	34	0.010
7941	34	0.010
7972	34	0.010
7941	34	0.010
7847	32	0.010
7693	31	0.010
7480	31	0.010
7212	31	0.010
6893	32	0.010
6528	34	0.010
6123	35	0.010
5685	36	0.010
5219	37	0.010
4734	37	0.010
4238	37	0.010
3737	37	0.010
3240	37	0.010
2755	37	0.010
2290	37	0.010
1851	37	0.010
1446	37	0.010
1081	33	0.010
762	33	0.010
493	33	0.010
280	33	0.010
125	32	0.010
31	32	0.010
0	32	0.010
31	32	0.010
124	32	0.010
279	32	0.010
492	32	0.010
760	32	0.010
1079	32	0.010
1444	32	0.010
1849	32	0.010
2287	32	0.010
2752	32	0.010
3237	32	0.010
3734	32	0.010
4235	32	0.010
4731	32	0.010
5216	32	0.010
5682	32	0.010
6120	32	0.010
6526	32	0.010
6891	32	0.010
7210	32	0.010
7478	33	0.010
7692	34	0.010
7847	35	0.010
7941	35	0.010
7972	35	0.010
7941	35	0.010
7847	35	0.010
7693	33	0.010
7480	32	0.010
7212	32	0.010
6893	32	0.010
6528	32	0.010
6123	32	0.010
5685	32	0.010
5219	32	0.010
4734	32	0.010
4238	32	0.010
3737	32	0.010
3240	30	0.010
2755	30	0.010
2290	30	0.010
1851	31	0.010
1446	31	0.010
1081	31	0.010
762	31	0.010
493	31	0.010
280	31	0.010
125	32	0.010
31	32	0.010
0	32	0.010
31	32	0.010
124	33	0.010
279	34	0.010
492	34	0.010
760	34	0.010
1079	34	0.010
1444	34	0.010
1849	34	0.010
2287	34	0.010
2752	34	0.010
3237	34	0.010
3734	34	0.010
4235	33	0.010
4731	34	0.010
5216	33	0.010
5682	33	0.010
6120	32	0.010
6526	32	0.010
6891	32	0.010
7210	32	0.010
7478	32	0.010
7692	32	0.010
7847	32	0.010
7941	31	0.010
7972	32	0.010
7941	33	0.010
7847	33	0.010
7693	33	0.010
7480	34	0.010
7212	34	0.010
6893	34	0.010
6528	34	0.010
6123	34	0.010
5685	34	0.010
5219	33	0.010
4734	33	0.010
4238	33	0.010
3737	34	0.010
3240	34	0.010
2755	34	0.010
2290	34	0.010
1851	34	0.010
1446	34	0.010
1081	34	0.010
762	34	0.010
493	34	0.010
280	34	0.010
125	34	0.010
31	34	0.010
0	34	0.010
31	34	0.010
124	34	0.010
279	34	0.010
492	34	0.010
760	31	0.010
1079	31	0.010
1444	31	0.010
1849	30	0.010
2287	31	0.010
2752	31	0.010
3237	31	0.010
3734	31	0.010
4235	32	0.010
4731	32	0.010
5216	33	0.010
5682	33	0.010
6120	34	0.010
6526	34	0.010
6891	34	0.010
7210	33	0.010
7478	33	0.010
7692	33	0.010
7847	32	0.010
7941	32	0.010
7972	32	0.010
7941	32	0.010
7847	32	0.010
7693	32	0.010
7480	32	0.010
7212	32	0.010
6893	33	0.010
6528	33	0.010
6123	32	0.010
5685	31	0.010
5219	31	0.010
4734	31	0.010
4238	31	0.010
3737	31	0.010
3240	31	0.010
2755	31	0.010
2290	31	0.010
1851	30	0.010
1446	31	0.010
1081	31	0.010
762	31	0.010
493	31	0.010
280	31	0.010
125	31	0.010
31	30	0.010
0	30	0.010
31	31	0.010
124	31	0.010
279	32	0.010
492	33	0.010
760	33	0.010
1079	33	0.010
1444	33	0.010
1849	33	0.010
2287	33	0.010
2752	32	0.010
3237	32	0.010
3734	32	0.010
4235	32	0.010
4731	32	0.010
5216	31	0.010
5682	31	0.010
6120	30	0.010
6526	30	0.010
6891	30	0.010
7210	32	0.010
7478	32	0.010
7692	32	0.010
7847	32	0.010
7941	32	0.010
7972	31	0.010
7941	31	0.010
7847	30	0.010
7693	30	0.010
7480	30	0.010
7212	30	0.010
6893	31	0.010
6528	32	0.010
6123	33	0.010
5685	33	0.010
5219	33	0.010
4734	34	0.010
4238	34	0.010
3737	33	0.010
3240	33	0.010
2755	33	0.010
2290	33	0.010
1851	33	0.010
1446	34	0.010
1081	36	0.010
762	36	0.010
493	36	0.010
280	34	0.010
125	34	0.010
31	34	0.010
0	33	0.010
31	32	0.010
124	32	0.010
279	32	0.010
492	31	0.010
760	31	0.010
1079	31	0.010
1444	31	0.010
1849	31	0.010
2287	32	0.010
2752	32	0.010
3237	32	0.010
3734	32	0.010
4235	31	0.010
4731	31	0.010
5216	32	0.010
5682	32	0.010
6120	32	0.010
6526	32	0.010
6891	32	0.010
7210	32	0.010
7478	32	0.010
7692	34	0.010
7847	34	0.010
7941	33	0.010
7972	33	0.010
7941	33	0.010
7847	33	0.010
7693	32	0.010
7480	32	0.010
7212	32	0.010
6893	32	0.010
6528	32	0.010
6123	32	0.010
5685	32	0.010
5219	32	0.010
4734	32	0.010
4238	31	0.010
3737	31	0.010
3240	31	0.010
2755	30	0.010
2290	30	0.010
1851	29	0.010
1446	29	0.010
1081	30	0.010
762	30	0.010
493	29	0.010
280	30	0.010
125	31	0.010
31	32	0.010
0	33	0.010
31	33	0.010
124	33	0.010
279	33	0.010
492	33	0.010
760	33	0.010
1079	33	0.010
1444	32	0.010
1849	32	0.010
2287	31	0.010
2752	31	0.010
3237	32	0.010
3734	32	0.010
4235	33	0.010
4731	33	0.010
5216	33	0.010
5682	33	0.010
6120	32	0.010
6526	32	0.010
6891	32	0.010
7210	31	0.010
7478	31	0.010
7692	30	0.010
7847	30	0.010
7941	30	0.010
7972	30	0.010
7941	30	0.010
7847	30	0.010
7693	30	0.010
7480	30	0.010
7212	30	0.010
6893	32	0.010
6528	32	0.010
6123	32	0.010
5685	31	0.010
5219	31	0.010
4734	32	0.010
4238	34	0.010
3737	34	0.010
3240	36	0.010
2755	37	0.010
2290	37	0.010
1851	38	0.010
1446	37	0.010
1081	36	0.010
762	35	0.010
493	34	0.010
280	33	0.010
125	33	0.010
31	34	0.010
0	35	0.010
31	35	0.010
124	36	0.010
279	35	0.010
492	35	0.010
760	33	0.010
1079	33	0.010
1444	33	0.010
1849	33	0.010
2287	33	0.010
2752	33	0.010
3237	33	0.010
3734	33	0.010
4235	33	0.010
4731	32	0.010
5216	32	0.010
5682	32	0.010
6120	33	0.010
6526	33	0.010
6891	33	0.010
7210	33	0.010
7478	33	0.010
7692	34	0.010
7847	34	0.010
7941	34	0.010
7972	34	0.010
7941	34	0.010
7847	34	0.010
7693	34	0.010
7480	33	0.010
7212	33	0.010
6893	33	0.010
6528	32	0.010
6123	31	0.010
5685	31	0.010
5219	31	0.010
4734	30	0.010
4238	29	0.010
3737	29	0.010
3240	30	0.010
2755	30	0.010
2290	30	0.010
1851	30	0.010
1446	30	0.010
1081	30	0.010
762	30	0.010
493	32	0.010
280	31	0.010
125	31	0.010
31	31	0.010
0	31	0.010
31	31	0.010
124	32	0.010
279	33	0.010
492	33	0.010
760	36	0.010
1079	35	0.010
1444	34	0.010
1849	34	0.010
2287	34	0.010
2752	34	0.010
3237	35	0.010
3734	34	0.010
4235	33	0.010
4731	33	0.010
5216	33	0.010
5682	33	0.010
6120	33	0.010
6526	33	0.010
6891	32	0.010
7210	32	0.010
7478	32	0.010
7692	32	0.010
7847	32	0.010
7941	31	0.010
7972	31	0.010
7941	31	0.010
7847	31	0.010
7693	31	0.010
7480	32	0.010
7212	34	0.010
6893	36	0.010
6528	36	0.010
6123	38	0.010
5685	38	0.010
5219	37	0.010
4734	37	0.010
4238	36	0.010
3737	35	0.010
3240	35	0.010
2755	35	0.010
2290	36	0.010
1851	36	0.010
1446	38	0.010
1081	38	0.010
762	38	0.010
493	36	0.010
280	35	0.010
125	35	0.010
31	34	0.010
0	34	0.010
31	34	0.010
124	33	0.010
279	33	0.010
492	33	0.010
760	32	0.010
1079	32	0.010
1444	32	0.010
1849	32	0.010
2287	32	0.010
2752	33	0.010
3237	33	0.010
3734	33	0.010
4235	33	0.010
4731	34	0.010
5216	34	0.010
5682	34	0.010
6120	35	0.010
6526	35	0.010
6891	35	0.010
7210	35	0.010
7478	35	0.010
7692	34	0.010
7847	34	0.010
7941	33	0.010
7972	33	0.010
7941	33	0.010
7847	32	0.010
7693	32	0.010
7480	34	0.010
7212	35	0.010
6893	36	0.010
6528	36	0.010
6123	35	0.010
5685	34	0.010
5219	33	0.010
4734	33	0.010
4238	32	0.010
3737	32	0.010
3240	32	0.010
2755	32	0.010
2290	32	0.010
1851	32	0.010
1446	32	0.010
1081	32	0.010
762	33	0.010
493	33	0.010
280	33	0.010
125	33	0.010
31	33	0.010
0	33	0.010
31	34	0.010
124	34	0.010
279	34	0.010
492	34	0.010
760	34	0.010
1079	34	0.010
1444	35	0.010
1849	35	0.010
2287	35	0.010
2752	34	0.010
3237	34	0.010
3734	34	0.010
4235	34	0.010
4731	34	0.010
5216	34	0.010
5682	34	0.010
6120	34	0.010
6526	34	0.010
6891	34	0.010
7210	34	0.010
7478	34	0.010
7692	34	0.010
7847	34	0.010
7941	34	0.010
7972	34	0.010
7941	34	0.010
7847	32	0.010
7693	34	0.010
7480	35	0.010
7212	36	0.010
6893	36	0.010
6528	36	0.010
6123	37	0.010
5685	37	0.010
5219	37	0.010
4734	36	0.010
4238	36	0.010
3737	36	0.010
3240	36	0.010
2755	36	0.010
2290	36	0.010
1851	36	0.010
1446	36	0.010
1081	36	0.010
762	36	0.010
493	36	0.010
280	35	0.010
125	34	0.010
31	34	0.010
0	34	0.010
31	34	0.010
124	34	0.010
279	34	0.010
492	35	0.010
760	35	0.010
1079	35	0.010
1444	35	0.010
1849	33	0.010
2287	33	0.010
2752	33	0.010
3237	33	0.010
3734	33	0.010
4235	34	0.010
4731	34	0.010
5216	34	0.010
5682	34	0.010
6120	35	0.010
6526	35	0.010
6891	36	0.010
7210	36	0.010
7478	35	0.010
7692	35	0.010
7847	35	0.010
7941	34	0.010
7972	34	0.010
7941	34	0.010
7847	34	0.010
7693	34	0.010
7480	34	0.010
7212	34	0.010
6893	33	0.010
6528	33	0.010
6123	33	0.010
5685	33	0.010
5219	33	0.010
4734	33	0.010
4238	33	0.010
3737	33	0.010
3240	33	0.010
2755	33	0.010
2290	33	0.010
1851	33	0.010
1446	33	0.010
1081	33	0.010
762	33	0.010
493	33	0.010
280	33	0.010
125	33	0.010
31	34	0.010
0	34	0.010
31	35	0.010
124	35	0.010
279	35	0.010
492	35	0.010
760	36	0.010
1079	36	0.010
1444	35	0.010
1849	35	0.010
2287	34	0.010
2752	34	0.010
3237	34	0.010
3734	34	0.010
4235	34	0.010
4731	33	0.010
5216	33	0.010
5682	34	0.010
6120	34	0.010
6526	34	0.010
6891	34	0.010
7210	34	0.010
7478	34	0.010
7692	34	0.010
7847	33	0.010
7941	32	0.010
7972	33	0.010
7941	34	0.010
7847	34	0.010
7693	34	0.010
7480	34	0.010
7212	34	0.010
6893	34	0.010
6528	34	0.010
6123	34	0.010
5685	34	0.010
5219	34	0.010
4734	34	0.010
4238	34	0.010
3737	35	0.010
3240	35	0.010
2755	36	0.010
2290	36	0.010
1851	36	0.010
1446	37	0.010
1081	36	0.010
762	36	0.010
493	34	0.010
280	34	0.010
125	34	0.010
31	34	0.010
0	34	0.010
31	34	0.010
124	33	0.010
279	34	0.010
492	34	0.010
760	34	0.010
1079	34	0.010
1444	33	0.010
1849	33	0.010
2287	34	0.010
2752	33	0.010
3237	33	0.010
3734	33	0.010
4235	33	0.010
4731	33	0.010
5216	33	0.010
5682	33	0.010
6120	33	0.010
6526	33	0.010
6891	34	0.010
7210	34	0.010
7478	35	0.010
7692	34	0.010
7847	34	0.010
7941	34	0.010
7972	35	0.010
7941	34	0.010
7847	34	0.010
7693	35	0.010
7480	35	0.010
7212	34	0.010
6893	34	0.010
6528	34	0.010
6123	33	0.010
5685	34	0.010
5219	33	0.010
4734	32	0.010
4238	32	0.010
3737	31	0.010
3240	31	0.010
2755	31	0.010
2290	31	0.010
1851	32	0.010
1446	33	0.010
1081	34	0.010
762	34	0.010
493	34	0.010
280	34	0.010
125	35	0.010
31	35	0.010
0	34	0.010
31	33	0.010
124	32	0.010
279	32	0.010
492	33	0.010
760	33	0.010
1079	33	0.010
1444	33	0.010
1849	33	0.010
2287	37	0.010
2752	37	0.010
3237	34	0.010
3734	34	0.010
4235	34	0.010
4731	33	0.010
5216	32	0.010
5682	32	0.010
6120	32	0.010
6526	32	0.010
6891	33	0.010
7210	33	0.010
7478	33	0.010
7692	33	0.010
7847	33	0.010
7941	33	0.010
7972	33	0.010
7941	33	0.010
7847	32	0.010
7693	31	0.010
7480	31	0.010
7212	33	0.010
6893	34	0.010
6528	35	0.010
6123	36	0.010
5685	37	0.010
5219	37	0.010
4734	37	0.010
4238	37	0.010
3737	37	0.010
3240	37	0.010
2755	37	0.010
2290	37	0.010
1851	37	0.010
1446	36	0.010
1081	36	0.010
762	36	0.010
493	36	0.010
280	36	0.010
125	35	0.010
31	34	0.010
0	33	0.010
31	33	0.010
124	32	0.010
279	33	0.010
492	33	0.010
760	33	0.010
1079	33	0.010
1444	31	0.010
1849	31	0.010
2287	32	0.010
2752	32	0.010
3237	32	0.010
3734	33	0.010
4235	33	0.010
4731	33	0.010
5216	33	0.010
5682	33	0.010
6120	34	0.010
6526	34	0.010
6891	35	0.010
7210	35	0.010
7478	34	0.010
7692	35	0.010
7847	35	0.010
7941	35	0.010
7972	34	0.010
7941	33	0.010
7847	32	0.010
7693	32	0.010
7480	32	0.010
7212	31	0.010
6893	31	0.010
6528	31	0.010
6123	31	0.010
5685	32	0.010
5219	32	0.010
4734	32	0.010
4238	33	0.010
3737	33	0.010
3240	33	0.010
2755	32	0.010
2290	31	0.010
1851	31	0.010
1446	30	0.010
1081	31	0.010
762	32	0.010
493	33	0.010
280	32	0.010
125	32	0.010
31	34	0.010
0	34	0.010
31	34	0.010
124	34	0.010
279	34	0.010
492	34	0.010
760	34	0.010
1079	34	0.010
1444	34	0.010
1849	34	0.010
2287	34	0.010
2752	34	0.010
3237	34	0.010
3734	34	0.010
4235	34	0.010
4731	34	0.010
5216	34	0.010
5682	32	0.010
6120	31	0.010
6526	31	0.010
6891	30	0.010
7210	31	0.010
7478	31	0.010
7692	32	0.010
7847	33	0.010
7941	33	0.010
7972	34	0.010
7941	35	0.010
7847	35	0.010
7693	35	0.010
7480	35	0.010
7212	34	0.010
6893	33	0.010
6528	33	0.010
6123	33	0.010
5685	34	0.010
5219	34	0.010
4734	38	0.010
4238	39	0.010
3737	38	0.010
3240	38	0.010
2755	37	0.010
2290	37	0.010
1851	37	0.010
1446	37	0.010
1081	37	0.010
762	37	0.010
493	34	0.010
280	34	0.010
125	33	0.010
31	33	0.010
0	32	0.010
31	32	0.010
124	32	0.010
279	32	0.010
492	32	0.010
760	32	0.010
1079	32	0.010
1444	33	0.010
1849	33	0.010
2287	32	0.010
2752	33	0.010
3237	33	0.010
3734	33	0.010
4235	33	0.010
4731	34	0.010
5216	34	0.010
5682	34	0.010
6120	33	0.010
6526	33	0.010
6891	34	0.010
7210	33	0.010
7478	32	0.010
7692	33	0.010
7847	33	0.010
7941	35	0.010
7972	36	0.010
7941	36	0.010
7847	35	0.010
7693	34	0.010
7480	33	0.010
7212	32	0.010
6893	32	0.010
6528	32	0.010
6123	32	0.010
5685	32	0.010
5219	32	0.010
4734	32	0.010
4238	32	0.010
3737	32	0.010
3240	32	0.010
2755	32	0.010
2290	32	0.010
1851	32	0.010
1446	33	0.010
1081	33	0.010
762	32	0.010
493	33	0.010
280	34	0.010
125	33	0.010
31	33	0.010
0	34	0.010
31	34	0.010
124	34	0.010
279	33	0.010
492	33	0.010
760	33	0.010
1079	33	0.010
1444	33	0.010
1849	33	0.010
2287	33	0.010
2752	33	0.010
3237	33	0.010
3734	33	0.010
4235	34	0.010
4731	34	0.010
5216	32	0.010
5682	32	0.010
6120	32	0.010
6526	32	0.010
6891	32	0.010
7210	31	0.010
7478	30	0.010
7692	30	0.010
7847	30	0.010
7941	32	0.010
7972	32	0.010
7941	33	0.010
7847	35	0.010
7693	35	0.010
7480	35	0.010
7212	35	0.010
6893	35	0.010
6528	36	0.010
6123	35	0.010
5685	35	0.010
5219	35	0.010
4734	35	0.010
4238	35	0.010
3737	35	0.010
3240	35	0.010
2755	35	0.010
2290	35	0.010
1851	35	0.010
1446	35	0.010
1081	35	0.010
762	32	0.010
493	32	0.010
280	32	0.010
125	32	0.010
31	33	0.010
0	33	0.010
31	32	0.010
124	32	0.010
279	32	0.010
492	32	0.010
760	32	0.010
1079	32	0.010
1444	32	0.010
1849	32	0.010
2287	31	0.010
2752	31	0.010
3237	33	0.010
3734	34	0.010
4235	34	0.010
4731	35	0.010
5216	35	0.010
5682	35	0.010
6120	35	0.010
6526	34	0.010
6891	34	0.010
7210	34	0.010
7478	33	0.010
7692	33	0.010
7847	33	0.010
7941	33	0.010
7972	33	0.010
7941	32	0.010
7847	33	0.010
7693	33	0.010
7480	32	0.010
7212	32	0.010
6893	32	0.010
6528	32	0.010
6123	32	0.010
5685	32	0.010
5219	32	0.010
4734	32	0.010
4238	32	0.010
3737	32	0.010
3240	31	0.010
2755	31	0.010
2290	31	0.010
1851	31	0.010
1446	33	0.010
1081	33	0.010
762	33	0.010
493	33	0.010
280	33	0.010
125	34	0.010
31	34	0.010
0	34	0.010
31	35	0.010
124	35	0.010
279	35	0.010
492	35	0.010
760	35	0.010
1079	35	0.010
1444	35	0.010
1849	32	0.010
2287	32	0.010
2752	32	0.010
3237	32	0.010
3734	32	0.010
4235	32	0.010
4731	32	0.010
5216	32	0.010
5682	32	0.010
6120	32	0.010
6526	32	0.010
6891	32	0.010
7210	33	0.010
7478	33	0.010
7692	32	0.010
7847	32	0.010
7941	32	0.010
7972	32	0.010
7941	32	0.010
7847	32	0.010
7693	32	0.010
7480	32	0.010
7212	33	0.010
6893	34	0.010
6528	35	0.010
6123	36	0.010
5685	35	0.010
5219	34	0.010
4734	35	0.010
4238	35	0.010
3737	35	0.010
3240	35	0.010
2755	35	0.010
2290	36	0.010
1851	35	0.010
1446	34	0.010
1081	34	0.010
762	33	0.010
493	32	0.010
280	32	0.010
125	32	0.010
31	32	0.010
0	32	0.010
31	32	0.010
124	33	0.010
279	33	0.010
492	33	0.010
760	33	0.010
1079	33	0.010
1444	32	0.010
1849	32	0.010
2287	31	0.010
2752	31	0.010
3237	32	0.010
3734	32	0.010
4235	32	0.010
4731	32	0.010
5216	33	0.010
5682	33	0.010
6120	33	0.010
6526	33	0.010
6891	34	0.010
7210	34	0.010
7478	34	0.010
7692	34	0.010
7847	33	0.010
7941	33	0.010
7972	33	0.010
7941	33	0.010
7847	33	0.010
7693	33	0.010
7480	33	0.010
7212	33	0.010
6893	32	0.010
6528	32	0.010
6123	32	0.010
5685	32	0.010
5219	32	0.010
4734	32	0.010
4238	31	0.010
3737	30	0.010
3240	30	0.010
2755	31	0.010
2290	32	0.010
1851	32	0.010
1446	33	0.010
1081	33	0.010
762	34	0.010
493	34	0.010
280	33	0.010
125	33	0.010
31	33	0.010
0	33	0.010
31	33	0.010
124	33	0.010
279	33	0.010
492	33	0.010
760	33	0.010
1079	33	0.010
1444	33	0.010
1849	33	0.010
2287	32	0.010
2752	32	0.010
3237	32	0.010
3734	32	0.010
4235	32	0.010
4731	32	0.010
5216	32	0.010
5682	32	0.010
6120	32	0.010
6526	32	0.010
6891	32	0.010
7210	32	0.010
7478	32	0.010
7692	32	0.010
7847	32	0.010
7941	32	0.010
7972	32	0.010
7941	32	0.010
7847	32	0.010
7693	32	0.010
7480	32	0.010
7212	31	0.010
6893	32	0.010
6528	32	0.010
6123	32	0.010
5685	32	0.010
5219	32	0.010
4734	37	0.010
4238	37	0.010
3737	37	0.010
3240	35	0.010
2755	34	0.010
2290	33	0.010
1851	33	0.010
1446	33	0.010
1081	33	0.010
762	34	0.010
493	34	0.010
280	35	0.010
125	35	0.010
31	34	0.010
0	34	0.010
31	34	0.010
124	31	0.010
279	31	0.010
492	31	0.010
760	31	0.010
1079	31	0.010
1444	31	0.010
1849	31	0.010
2287	31	0.010
2752	31	0.010
3237	31	0.010
3734	31	0.010
4235	32	0.010
4731	32	0.010
5216	33	0.010
5682	33	0.010
6120	33	0.010
6526	33	0.010
6891	33	0.010
7210	33	0.010
7478	33	0.010
7692	34	0.010
7847	34	0.010
7941	34	0.010
7972	34	0.010
7941	32	0.010
7847	32	0.010
7693	32	0.010
7480	32	0.010
7212	31	0.010
6893	30	0.010
6528	30	0.010
6123	30	0.010
5685	30	0.010
5219	31	0.010
4734	31	0.010
4238	31	0.010
3737	31	0.010
3240	31	0.010
2755	33	0.010
2290	33	0.010
1851	32	0.010
1446	31	0.010
1081	31	0.010
762	31	0.010
493	31	0.010
280	31	0.010
125	31	0.010
31	32	0.010
0	32	0.010
31	33	0.010
124	33	0.010
279	33	0.010
492	34	0.010
760	34	0.010
1079	34	0.010
1444	34	0.010
1849	34	0.010
2287	34	0.010
2752	34	0.010
3237	34	0.010
3734	34	0.010
4235	34	0.010
4731	34	0.010
5216	32	0.010
5682	32	0.010
6120	32	0.010
6526	31	0.010
6891	31	0.010
7210	31	0.010
7478	31	0.010
7692	31	0.010
7901	29	0.010
7964	29	0.010
7964	29	0.010
7902	29	0.010
7778	29	0.010
7593	35	0.010
7352	36	0.010
7058	36	0.010
6716	36	0.010
6330	35	0.010
5908	34	0.010
5455	33	0.010
4979	33	0.010
4487	33	0.010
3987	34	0.010
3488	34	0.010
2996	37	0.010
2520	37	0.010
2067	37	0.010
1644	37	0.010
1258	36	0.010
915	35	0.010
621	34	0.010
380	34	0.010
195	34	0.010
70	34	0.010
7	33	0.010
7	32	0.010
70	32	0.010
194	32	0.010
378	32	0.010
619	32	0.010
913	32	0.010
1256	32	0.010
1641	32	0.010
2064	32	0.010
2517	32	0.010
2993	32	0.010
3485	32	0.010
3984	33	0.010
4484	33	0.010
4976	33	0.010
5452	33	0.010
5905	33	0.010
6328	33	0.010
6714	34	0.010
7056	34	0.010
7351	34	0.010
7592	33	0.010
7777	33	0.010
7901	32	0.010
7964	32	0.010
7964	32	0.010
7902	32	0.010
7778	33	0.010
7593	34	0.010
7352	35	0.010
7058	35	0.010
6716	35	0.010
6330	34	0.010
5908	32	0.010
5455	31	0.010
4979	31	0.010
4487	30	0.010
3987	30	0.010
3488	31	0.010
2996	31	0.010
2520	34	0.010
2067	34	0.010
1644	34	0.010
1258	34	0.010
915	34	0.010
621	34	0.010
380	34	0.010
195	34	0.010
70	34	0.010
7	34	0.010
7	34	0.010
70	34	0.010
194	35	0.010
378	35	0.010
619	34	0.010
913	34	0.010
1256	34	0.010
1641	34	0.010
2064	34	0.010
2517	33	0.010
2993	33	0.010
3485	33	0.010
3984	33	0.010
4484	33	0.010
4976	32	0.010
5452	32	0.010
5905	32	0.010
6328	32	0.010
6714	32	0.010
7056	32	0.010
7351	32	0.010
7592	32	0.010
7777	32	0.010
7901	32	0.010
7964	32	0.010
7964	32	0.010
7902	32	0.010
7778	33	0.010
7593	35	0.010
7352	37	0.010
7058	38	0.010
6716	38	0.010
6330	38	0.010
5908	38	0.010
5455	38	0.010
4979	37	0.010
4487	37	0.010
3987	37	0.010
3488	36	0.010
2996	36	0.010
2520	36	0.010
2067	35	0.010
1644	35	0.010
1258	34	0.010
915	33	0.010
621	33	0.010
380	33	0.010
195	33	0.010
70	33	0.010
7	33	0.010
7	33	0.010
70	33	0.010
194	33	0.010
378	33	0.010
619	33	0.010
913	33	0.010
1256	33	0.010
1641	33	0.010
2064	33	0.010
2517	33	0.010
2993	33	0.010
3485	33	0.010
3984	34	0.010
4484	34	0.010
4976	35	0.010
5452	35	0.010
5905	36	0.010
6328	36	0.010
6714	36	0.010
7056	36	0.010
7351	36	0.010
7592	36	0.010
7777	36	0.010
7901	36	0.010
7964	36	0.010
7964	36	0.010
7902	36	0.010
7778	36	0.010
7593	36	0.010
7352	36	0.010
7058	36	0.010
6716	32	0.010
6330	32	0.010
5908	32	0.010
5455	32	0.010
4979	32	0.010
4487	33	0.010
3987	33	0.010
3488	33	0.010
2996	34	0.010
2520	34	0.010
2067	34	0.010
1644	34	0.010
1258	34	0.010
915	34	0.010
621	35	0.010
380	35	0.010
195	35	0.010
70	35	0.010
7	36	0.010
7	36	0.010
70	37	0.010
194	37	0.010
378	37	0.010
619	37	0.010
913	37	0.010
1256	35	0.010
1641	35	0.010
2064	33	0.010
2517	33	0.010
2993	33	0.010
3485	33	0.010
3984	33	0.010
4484	34	0.010
4976	34	0.010
5452	34	0.010
5905	33	0.010
6328	33	0.010
6714	33	0.010
7056	34	0.010
7351	34	0.010
7592	34	0.010
7777	34	0.010
7901	34	0.010
7964	34	0.010
7964	34	0.010
7902	34	0.010
7778	34	0.010
7593	34	0.010
7352	34	0.010
7058	34	0.010
6716	34	0.010
6330	34	0.010
5908	36	0.010
5455	36	0.010
4979	36	0.010
4487	36	0.010
3987	36	0.010
3488	36	0.010
2996	36	0.010
2520	36	0.010
2067	36	0.010
1644	36	0.010
1258	35	0.010
915	34	0.010
621	33	0.010
380	33	0.010
195	33	0.010
70	33	0.010
7	34	0.010
7	35	0.010
70	36	0.010
194	36	0.010
378	36	0.010
619	36	0.010
913	36	0.010
1256	36	0.010
1641	36	0.010
2064	36	0.010
2517	36	0.010
2993	34	0.010
3485	35	0.010
3984	35	0.010
4484	34	0.010
4976	34	0.010
5452	35	0.010
5905	35	0.010
6328	35	0.010
6714	35	0.010
7056	35	0.010
7351	35	0.010
7592	35	0.010
7777	35	0.010
7901	35	0.010
7964	35	0.010
7964	35	0.010
7902	34	0.010
7778	34	0.010
7593	34	0.010
7352	34	0.010
7058	34	0.010
6716	34	0.010
6330	34	0.010
5908	34	0.010
5455	34	0.010
4979	34	0.010
4487	34	0.010
3987	34	0.010
3488	35	0.010
2996	35	0.010
2520	37	0.010
2067	37	0.010
1644	37	0.010
1258	35	0.010
915	35	0.010
621	36	0.010
380	34	0.010
195	34	0.010
70	35	0.010
7	36	0.010
7	35	0.010
70	35	0.010
194	35	0.010
378	35	0.010
619	34	0.010
913	34	0.010
1256	33	0.010
1641	33	0.010
2064	33	0.010
2517	33	0.010
2993	33	0.010
3485	33	0.010
3984	33	0.010
4484	33	0.010
4976	34	0.010
5452	34	0.010
5905	34	0.010
6328	33	0.010
6714	33	0.010
7056	34	0.010
7351	34	0.010
7592	34	0.010
7777	34	0.010
7901	34	0.010
7964	34	0.010
7964	34	0.010
7902	35	0.010
7778	35	0.010
7593	36	0.010
7352	37	0.010
7058	36	0.010
6716	35	0.010
6330	35	0.010
5908	35	0.010
5455	35	0.010
4979	35	0.010
4487	35	0.010
3987	35	0.010
3488	35	0.010
2996	35	0.010
2520	36	0.010
2067	36	0.010
1644	36	0.010
1258	35	0.010
915	34	0.010
621	34	0.010
380	33	0.010
195	33	0.010
70	33	0.010
7	34	0.010
7	34	0.010
70	35	0.010
194	33	0.010
378	33	0.010
619	33	0.010
913	32	0.010
1256	33	0.010
2064	34	0.010
2517	34	0.010
2993	34	0.010
3485	34	0.010
3984	35	0.010
4484	35	0.010
4976	35	0.010
5452	35	0.010
5905	35	0.010
6328	35	0.010
6714	35	0.010
7056	35	0.010
7351	35	0.010
7592	34	0.010
7777	33	0.010
7901	33	0.010
7964	32	0.010
7964	32	0.010
7902	32	0.010
7778	35	0.010
7593	35	0.010
7352	35	0.010
7058	34	0.010
6716	34	0.010
6330	35	0.010
5908	35	0.010
5455	34	0.010
4979	33	0.010
4487	33	0.010
3987	33	0.010
3488	33	0.010
2996	33	0.010
2520	33	0.010
2067	33	0.010
1644	33	0.010
1258	33	0.010
915	33	0.010
621	33	0.010
380	33	0.010
195	33	0.010
70	33	0.010
7	33	0.010
7	33	0.010
70	33	0.010
194	33	0.010
378	33	0.010
619	33	0.010
913	33	0.010
1256	33	0.010
1641	34	0.010
2064	32	0.010
2517	33	0.010
2993	33	0.010
3485	33	0.010
3984	33	0.010
4484	33	0.010
4976	33	0.010
5452	33	0.010
6714	33	0.010
7056	33	0.010
7351	33	0.010
7592	33	0.010
7777	33	0.010
7901	33	0.010
7964	32	0.010
7964	32	0.010
7902	32	0.010
7778	33	0.010
7593	34	0.010
7352	36	0.010
7058	37	0.010
6716	37	0.010
6330	37	0.010
5908	36	0.010
5455	35	0.010
4979	35	0.010
4487	36	0.010
3987	36	0.010
3488	35	0.010
2996	35	0.010
2520	34	0.010
2067	34	0.010
1644	34	0.010
1258	34	0.010
915	34	0.010
621	34	0.010
380	34	0.010
195	34	0.010
70	32	0.010
7	32	0.010
7	32	0.010
70	32	0.010
194	32	0.010
378	32	0.010
619	32	0.010
913	32	0.010
1256	33	0.010
1641	33	0.010
2064	33	0.010
2517	33	0.010
2993	33	0.010
3485	33	0.010
3984	33	0.010
4484	33	0.010
4976	33	0.010
5452	33	0.010
5905	33	0.010
6328	34	0.010
6714	34	0.010
7056	34	0.010
7351	34	0.010
7592	34	0.010
7777	34	0.010
7901	34	0.010
7964	34	0.010
7964	34	0.010
7902	34	0.010
7778	32	0.010
7593	32	0.010
7352	32	0.010
7058	32	0.010
6716	33	0.010
6330	33	0.010
5908	31	0.010
5455	31	0.010
4979	32	0.010
4487	32	0.010
3987	32	0.010
3488	32	0.010
2996	33	0.010
2520	34	0.010
2067	33	0.010
1644	34	0.010
1258	34	0.010
915	35	0.010
621	35	0.010
380	35	0.010
195	35	0.010
70	35	0.010
7	35	0.010
7	35	0.010
70	35	0.010
194	35	0.010
378	35	0.010
619	35	0.010
913	35	0.010
1256	34	0.010
1641	34	0.010
2064	33	0.010
2517	33	0.010
2993	32	0.010
3485	32	0.010
3984	31	0.010
4484	31	0.010
4976	31	0.010
5452	31	0.010
5905	32	0.010
6328	31	0.010
6714	32	0.010
7056	34	0.010
7351	34	0.010
7592	34	0.010
7777	34	0.010
7901	34	0.010
7964	34	0.010
7964	34	0.010
7902	34	0.010
7778	34	0.010
7593	34	0.010
7352	34	0.010
7058	34	0.010
6716	34	0.010
6330	36	0.010
5908	35	0.010
5455	34	0.010
4979	34	0.010
4487	34	0.010
3987	33	0.010
3488	33	0.010
2996	33	0.010
2520	33	0.010
2067	33	0.010
1644	32	0.010
1258	32	0.010
915	31	0.010
621	31	0.010
380	31	0.010
195	31	0.010
70	31	0.010
7	31	0.010
7	31	0.010
70	31	0.010
194	31	0.010
378	31	0.010
619	31	0.010
913	33	0.010
1256	33	0.010
1641	33	0.010
2064	35	0.010
2517	35	0.010
2993	35	0.010
3485	34	0.010
3984	33	0.010
4484	33	0.010
4976	33	0.010
5452	33	0.010
5905	34	0.010
6328	34	0.010
6714	34	0.010
7056	34	0.010
7351	34	0.010
7592	33	0.010
7777	32	0.010
7901	32	0.010
7964	32	0.010
7964	32	0.010
7902	32	0.010
7778	32	0.010
7593	32	0.010
7352	32	0.010
7058	32	0.010
6716	32	0.010
6330	32	0.010
5908	32	0.010
5455	32	0.010
4979	32	0.010
4487	32	0.010
3987	33	0.010
3488	33	0.010
2996	33	0.010
2520	34	0.010
2067	34	0.010
1644	35	0.010
1258	35	0.010
915	37	0.010
621	37	0.010
380	38	0.010
195	38	0.010
70	38	0.010
7	38	0.010
7	38	0.010
70	38	0.010
194	38	0.010
378	38	0.010
619	38	0.010
913	38	0.010
1256	38	0.010
1641	38	0.010
2064	38	0.010
2517	38	0.010
2993	38	0.010
3485	38	0.010
3984	38	0.010
4484	38	0.010
4976	38	0.010
5452	38	0.010
5905	38	0.010
6328	32	0.010
6714	32	0.010
7056	32	0.010
7351	32	0.010
7592	32	0.010
7777	34	0.010
7901	34	0.010
7972	33	0.010
7941	33	0.010
7847	33	0.010
7693	34	0.010
7480	34	0.010
7212	34	0.010
6893	34	0.010
6528	34	0.010
6123	34	0.010
5685	34	0.010
5219	34	0.010
4734	34	0.010
4238	34	0.010
3737	34	0.010
3240	32	0.010
2755	32	0.010
2290	32	0.010
1851	31	0.010
1446	31	0.010
1081	32	0.010
762	32	0.010
493	33	0.010
280	33	0.010
125	33	0.010
31	33	0.010
0	32	0.010
31	32	0.010
124	32	0.010
279	31	0.010
492	31	0.010
760	32	0.010
1079	32	0.010
1444	32	0.010
1849	32	0.010
2287	32	0.010
2752	32	0.010
3237	32	0.010
3734	32	0.010
4235	34	0.010
4731	34	0.010
5216	34	0.010
5682	33	0.010
6120	33	0.010
6526	33	0.010
6891	33	0.010
7210	33	0.010
7478	33	0.010
7692	32	0.010
7847	32	0.010
7941	32	0.010
7972	32	0.010
7941	32	0.010
7847	32	0.010
7693	32	0.010
7480	32	0.010
7212	32	0.010
6893	32	0.010
6528	32	0.010
6123	32	0.010
5685	32	0.010
5219	33	0.010
4734	34	0.010
4238	36	0.010
3737	37	0.010
3240	37	0.010
2755	36	0.010
2290	36	0.010
1851	36	0.010
1446	36	0.010
1081	36	0.010
762	36	0.010
493	35	0.010
280	35	0.010
125	35	0.010
31	35	0.010
0	35	0.010
31	33	0.010
124	33	0.010
279	32	0.010
492	32	0.010
760	32	0.010
1079	31	0.010
1444	32	0.010
1849	32	0.010
2287	32	0.010
2752	32	0.010
3237	32	0.010
3734	32	0.010
4235	32	0.010
4731	32	0.010
5216	32	0.010
5682	32	0.010
6120	32	0.010
6526	32	0.010
6891	32	0.010
7210	32	0.010
7478	33	0.010
7692	33	0.010
7847	33	0.010
7941	33	0.010
7972	35	0.010
7941	35	0.010
7847	35	0.010
7693	35	0.010
7480	35	0.010
7212	35	0.010
6893	34	0.010
6528	33	0.010
6123	32	0.010
5685	32	0.010
5219	32	0.010
4734	34	0.010
4238	34	0.010
3737	34	0.010
3240	34	0.010
2755	34	0.010
2290	34	0.010
1851	34	0.010
1446	34	0.010
1081	34	0.010
762	34	0.010
493	34	0.010
280	34	0.010
125	34	0.010
31	34	0.010
0	34	0.010
31	32	0.010
124	32	0.010
279	32	0.010
492	33	0.010
760	32	0.010
1079	32	0.010
1444	32	0.010
1849	32	0.010
2287	32	0.010
2752	32	0.010
3237	32	0.010
3734	32	0.010
4235	33	0.010
4731	33	0.010
5216	33	0.010
5682	33	0.010
6120	33	0.010
6526	33	0.010
6891	33	0.010
7210	33	0.010
7478	33	0.010
7692	33	0.010
7847	33	0.010
7941	32	0.010
7972	32	0.010
7941	32	0.010
7847	33	0.010
7693	33	0.010
7480	34	0.010
7212	33	0.010
6893	33	0.010
6528	32	0.010
6123	32	0.010
5685	33	0.010
5219	33	0.010
4734	32	0.010
4238	32	0.010
3737	31	0.010
3240	32	0.010
2755	32	0.010
2290	33	0.010
1851	34	0.010
1446	33	0.010
1081	33	0.010
762	33	0.010
493	33	0.010
280	32	0.010
125	32	0.010
31	32	0.010
0	33	0.010
31	33	0.010
124	34	0.010
279	34	0.010
492	34	0.010
760	33	0.010
1079	33	0.010
1444	32	0.010
1849	32	0.010
2287	31	0.010
2752	32	0.010
3237	31	0.010
3734	31	0.010
4235	32	0.010
4731	32	0.010
5216	31	0.010
5682	31	0.010
6120	33	0.010
6526	33	0.010
6891	32	0.010
7210	33	0.010
7478	33	0.010
7692	33	0.010
7847	33	0.010
7941	33	0.010
7972	33	0.010
7941	33	0.010
7847	33	0.010
7693	32	0.010
7480	33	0.010
7212	33	0.010
6893	35	0.010
6528	36	0.010
6123	36	0.010
5685	36	0.010
5219	35	0.010
4734	34	0.010
4238	33	0.010
3737	34	0.010
3240	34	0.010
2755	33	0.010
2290	33	0.010
1851	33	0.010
1446	33	0.010
1081	32	0.010
762	32	0.010
493	32	0.010
280	32	0.010
125	32	0.010
31	31	0.010
0	31	0.010
31	31	0.010
124	31	0.010
279	31	0.010
492	31	0.010
760	32	0.010
1079	33	0.010
1444	33	0.010
1849	33	0.010
2287	32	0.010
2752	32	0.010
3237	32	0.010
3734	32	0.010
4235	32	0.010
4731	32	0.010
5216	33	0.010
5682	32	0.010
6120	33	0.010
6526	33	0.010
6891	33	0.010
7210	33	0.010
7478	33	0.010
7692	34	0.010
7847	34	0.010
7941	34	0.010
7972	33	0.010
7941	33	0.010
7847	33	0.010
7693	33	0.010
7480	33	0.010
7212	33	0.010
6893	33	0.010
6528	33	0.010
6123	32	0.010
5685	32	0.010
5219	32	0.010
4734	32	0.010
4238	32	0.010
3737	31	0.010
3240	31	0.010
2755	32	0.010
2290	32	0.010
1851	32	0.010
1446	32	0.010
1081	33	0.010
762	34	0.010
493	35	0.010
280	35	0.010
125	35	0.010
31	35	0.010
0	35	0.010
31	35	0.010
124	35	0.010
279	35	0.010
492	35	0.010
760	35	0.010
1079	35	0.010
1444	35	0.010
1849	35	0.010
2287	35	0.010
2752	35	0.010
3237	35	0.010
3734	35	0.010
4235	35	0.010
4731	35	0.010
5216	35	0.010
5682	31	0.010
6120	30	0.010
6526	29	0.010
6891	30	0.010
7210	30	0.010
7478	31	0.010
7692	32	0.010
7847	34	0.010
7941	36	0.010
7972	36	0.010
7941	35	0.010
7847	35	0.010
7693	35	0.010
7480	35	0.010
7212	35	0.010
6893	35	0.010
6528	36	0.010
6123	36	0.010
5685	36	0.010
5219	36	0.010
4734	35	0.010
4238	35	0.010
3737	35	0.010
3240	33	0.010
2755	33	0.010
2290	33	0.010
1851	33	0.010
1446	32	0.010
1081	32	0.010
762	31	0.010
493	31	0.010
280	32	0.010
125	32	0.010
31	31	0.010
0	32	0.010
31	32	0.010
124	32	0.010
279	32	0.010
492	32	0.010
760	32	0.010
1079	32	0.010
1444	32	0.010
1849	32	0.010
2287	32	0.010
2752	32	0.010
3237	36	0.010
3734	37	0.010
4235	36	0.010
4731	36	0.010
5216	36	0.010
5682	36	0.010
6120	36	0.010
6526	36	0.010
6891	36	0.010
7210	36	0.010
7478	36	0.010
7692	36	0.010
7847	36	0.010
7941	36	0.010
7972	34	0.010
7941	33	0.010
7847	33	0.010
7693	33	0.010
7480	32	0.010
7212	32	0.010
6893	32	0.010
6528	32	0.010
6123	32	0.010
5685	32	0.010
5219	32	0.010
4734	32	0.010
4238	32	0.010
3737	32	0.010
3240	34	0.010
2755	34	0.010
2290	34	0.010
1851	34	0.010
1446	34	0.010
1081	35	0.010
762	36	0.010
493	37	0.010
280	37	0.010
125	38	0.010
31	38	0.010
0	37	0.010
31	37	0.010
124	36	0.010
279	34	0.010
492	33	0.010
760	33	0.010
1079	34	0.010
1444	34	0.010
1849	34	0.010
2287	34	0.010
2752	34	0.010
3237	34	0.010
3734	34	0.010
4235	34	0.010
4731	32	0.010
5216	33	0.010
5682	33	0.010
6120	33	0.010
6526	33	0.010
6891	34	0.010
7210	34	0.010
7478	34	0.010
7692	35	0.010
7847	35	0.010
7941	35	0.010
7972	35	0.010
7941	35	0.010
7847	35	0.010
7693	34	0.010
7480	34	0.010
7212	35	0.010
6893	36	0.010
6528	35	0.010
6123	35	0.010
5685	35	0.010
5219	35	0.010
4734	34	0.010
4238	34	0.010
3737	33	0.010
3240	33	0.010
2755	33	0.010
2290	33	0.010
1851	33	0.010
1446	33	0.010
1081	33	0.010
762	32	0.010
493	33	0.010
280	34	0.010
125	35	0.010
31	35	0.010
0	34	0.010
31	34	0.010
124	33	0.010
279	33	0.010
492	33	0.010
760	33	0.010
1079	33	0.010
1444	34	0.010
1849	34	0.010
2287	35	0.010
2752	35	0.010
3237	35	0.010
3734	35	0.010
4235	35	0.010
4731	35	0.010
5216	34	0.010
5682	34	0.010
6120	34	0.010
6526	35	0.010
6891	34	0.010
7210	34	0.010
7478	34	0.010
7692	33	0.010
7847	33	0.010
7941	33	0.010
7972	34	0.010
7941	34	0.010
7847	34	0.010
7693	34	0.010
7480	33	0.010
7212	33	0.010
6893	33	0.010
6528	33	0.010
6123	33	0.010
5685	34	0.010
5219	34	0.010
4734	37	0.010
4238	37	0.010
3737	37	0.010
3240	37	0.010
2755	37	0.010
2290	37	0.010
1851	37	0.010
1446	37	0.010
1081	37	0.010
762	37	0.010
493	37	0.010
280	37	0.010
125	37	0.010
31	37	0.010
0	37	0.010
31	37	0.010
124	37	0.010
279	37	0.010
492	37	0.010
1079	34	0.010
1444	34	0.010
1849	34	0.010
2287	34	0.010
2752	34	0.010
3237	34	0.010
3734	34	0.010
4235	34	0.010
0	34	0.010
0	34	0.010
0	34	0.010
0	34	0.010
0	34	0.010
0	34	0.010
0	34	0.010
0	34	0.010
0	34	0.010
0	34	0.010
0	34	0.010
0	34	0.010
0	34	0.010
0	34	0.010
0	34	0.010
0	34	0.010
0	34	0.010
0	34	0.010
0	34	0.010
0	34	0.010
0	34	0.010
0	34	0.010
0	33	0.010
0	32	0.010
0	31	0.010
0	31	0.010
0	30	0.010
0	29	0.010
0	29	0.010
0	30	0.010
0	30	0.010
0	30	0.010
0	30	0.010
0	31	0.010
0	31	0.010
0	31	0.010
0	31	0.010
0	31	0.010
0	31	0.010
0	30	0.010
0	30	0.010
0	30	0.010
0	30	0.010
0	29	0.010
0	29	0.010
0	29	0.010
0	29	0.010
0	29	0.010
0	29	0.010
0	29	0.010
0	29	0.010
0	30	0.010
0	30	0.010
0	30	0.010
0	29	0.010
0	28	0.010
0	28	0.010
0	28	0.010
0	28	0.010
0	28	0.010
0	29	0.010
0	29	0.010
0	29	0.010
0	29	0.010
0	29	0.010
0	29	0.010
0	29	0.010
0	29	0.010
0	29	0.010
0	29	0.010
0	29	0.010
0	29	0.010
0	29	0.010
0	29	0.010
0	29	0.010
0	29	0.010
0	29	0.010
0	29	0.010
0	29	0.010
0	27	0.010
0	27	0.010
0	27	0.010
0	27	0.010
0	26	0.010
0	26	0.010
0	25	0.010
0	25	0.010
0	26	0.010
0	26	0.010
0	25	0.010
0	25	0.010
0	26	0.010
0	25	0.010
0	25	0.010
0	25	0.010
0	25	0.010
0	26	0.010
0	26	0.010
0	25	0.010
0	24	0.010
0	24	0.010
0	25	0.010
0	25	0.010
0	24	0.010
0	24	0.010
0	24	0.010
0	24	0.010
0	24	0.010
0	24	0.010
0	24	0.010
0	24	0.010
0	24	0.010
0	24	0.010
0	24	0.010
0	24	0.010
0	24	0.010
0	24	0.010
0	24	0.010
0	24	0.010
0	24	0.010
0	24	0.010
0	24	0.010
0	24	0.010
0	24	0.010
0	24	0.010
0	24	0.010
0	24	0.010
0	24	0.010
0	24	0.010
0	22	0.010
0	22	0.010
0	22	0.010
0	22	0.010
0	22	0.010
0	22	0.010
0	22	0.010
0	22	0.010
0	22	0.010
0	22	0.010
0	22	0.010
0	22	0.010
0	22	0.010
0	22	0.010
0	22	0.010
0	22	0.010
0	22	0.010
0	22	0.010
0	22	0.010
0	22	0.010
0	22	0.010
0	22	0.010
0	22	0.010
0	22	0.010
0	22	0.010
0	22	0.010
0	22	0.010
0	22	0.010
0	20	0.010
0	20	0.010
0	20	0.010
0	19	0.010
0	19	0.010
0	19	0.010
0	19	0.010
0	19	0.010
0	19	0.010
0	18	0.010
0	18	0.010
0	19	0.010
0	19	0.010
0	18	0.010
0	18	0.010
0	18	0.010
0	19	0.010
0	19	0.010
0	19	0.010
0	18	0.010
0	18	0.010
0	18	0.010
0	18	0.010
0	18	0.010
0	18	0.010
0	18	0.010
0	17	0.010
0	18	0.010
0	17	0.010
0	17	0.010
0	17	0.010
0	17	0.010
0	17	0.010
0	17	0.010
0	17	0.010
0	16	0.010
0	16	0.010
0	16	0.010
0	17	0.010
0	17	0.010
0	17	0.010
0	17	0.010
0	17	0.010
0	17	0.010
0	17	0.010
0	17	0.010
0	17	0.010
0	17	0.010
0	17	0.010
0	17	0.010
0	17	0.010
0	17	0.010
0	16	0.010
0	16	0.010
0	16	0.010
0	16	0.010
0	16	0.010
0	16	0.010
0	16	0.010
0	15	0.010
0	15	0.010
0	15	0.010
0	15	0.010
0	15	0.010
0	14	0.010
0	15	0.010
0	15	0.010
0	15	0.010
0	15	0.010
0	15	0.010
0	14	0.010
0	15	0.010
0	14	0.010
0	14	0.010
0	14	0.010
0	14	0.010
0	14	0.010
0	14	0.010
0	14	0.010
0	14	0.010
0	14	0.010
0	14	0.010
0	15	0.010
0	15	0.010
0	15	0.010
0	15	0.010
0	15	0.010
0	15	0.010
0	15	0.010
0	15	0.010
0	15	0.010
0	15	0.010
0	15	0.010
0	15	0.010
0	13	0.010
0	13	0.010
0	13	0.010
0	13	0.010
0	13	0.010
0	13	0.010
0	12	0.010
0	13	0.010
0	14	0.010
0	13	0.010
0	13	0.010
0	14	0.010
0	13	0.010
0	13	0.010
0	13	0.010
0	13	0.010
0	13	0.010
0	13	0.010
0	13	0.010
0	12	0.010
0	12	0.010
0	11	0.010
0	12	0.010
0	12	0.010
0	12	0.010
0	12	0.010
0	11	0.010
0	12	0.010
0	11	0.010
0	11	0.010
0	11	0.010
0	11	0.010
0	11	0.010
0	11	0.010
0	11	0.010
0	11	0.010
0	11	0.010
0	11	0.010
0	11	0.010
0	11	0.010
0	11	0.010
0	11	0.010
0	11	0.010
0	11	0.010
0	11	0.010
0	11	0.010
0	11	0.010
0	11	0.010
0	11	0.010
0	11	0.010
0	10	0.010
0	10	0.010
0	10	0.010
0	10	0.010
0	11	0.010
0	11	0.010
0	11	0.010
0	10	0.010
0	10	0.010
0	10	0.010
0	10	0.010
0	10	0.010
0	10	0.010