0	2197
0	2197
0	2197
0	2197
0	2197
0	2197
0	2197
0	2197
0	2197
0	2197
0	2197
0	2197
0	2197
0	2197
0	2197
0	2197
0	2197
0	2197
0	2197
0	2197
0	2197
0	2197
0	2197
0	2197
0	2197
0	2197
0	2197
0	2197
0	2197
0	2197
0	2197
0	2197
0	2197
0	2197
0	2197
0	2196
0	2196
0	2197
0	2197
0	2197
0	2197
0	2197
0	2197
0	2197
0	2197
0	2197
0	2197
0	2197
0	2196
0	2197
0	2197
0	2197
0	2197
0	2197
0	2197
0	2197
0	2197
0	2197
0	2197
0	2197
0	2197
0	2196
0	2197
0	2197
0	2197
0	2197
0	2197
0	2197
0	2197
0	2197
0	2197
0	2196
0	2197
0	2197
0	2197
0	2197
0	2197
0	2197
81	2197
81	2197
81	2197
81	2197
81	2197
81	2197
81	2197
1470	2197
1470	2196
1470	2196
1891	2196
1891	2197
1891	2197
1908	2197
1908	2198
1908	2199
1128	2200
1128	2201
1128	2201
1128	2203
1128	2203
1128	2205
1128	2206
524	2208
524	2209
524	2210
229	2212
229	2214
229	2215
114	2217
114	2219
114	2220
0	2228
0	2233
0	2234
0	2234
0	2234
0	2234
0	2240
0	2240
0	2241
0	2241
0	2241
0	2246
0	2246
0	2247
0	2248
0	2250
0	2253
0	2253
0	2255
0	2256
0	2258
0	2259
0	2261
0	2262
0	2264
0	2265
0	2267
0	2269
0	2270
0	2271
0	2273
0	2274
0	2275
0	2277
0	2279
0	2280
0	2282
0	2283
0	2284
0	2285
0	2287
0	2288
0	2289
0	2291
0	2292
0	2293
0	2294
0	2296
0	2297
0	2298
0	2299
0	2301
0	2301
0	2303
0	2304
0	2305
0	2306
0	2307
0	2308
0	2309
0	2310
0	2311
0	2312
0	2313
0	2314
0	2315
0	2316
0	2316
0	2318
0	2318
0	2319
0	2320
0	2320
0	2321
0	2322
0	2322
0	2323
0	2324
0	2324
0	2325
0	2326
0	2326
0	2327
0	2328
0	2328
0	2328
0	2329
0	2329
0	2330
0	2330
0	2330
0	2331
0	2331
0	2331
0	2331
0	2331
0	2331
0	2332
0	2332
0	2332
0	2332
0	2332
0	2332
0	2332
0	2332
0	2332
0	2332
0	2331
0	2332
0	2331
0	2331
0	2331
0	2331
0	2331
0	2331
0	2331
0	2331
0	2331
0	2330
0	2330
0	2330
0	2330
0	2330
0	2330
0	2330
0	2330
0	2330
0	2330
0	2329
0	2329
0	2329
0	2329
0	2329
0	2329
-16	2329
-16	2329
-16	2329
-180	2329
-180	2329
-180	2329
-376	2329
-376	2329
-376	2330
-376	2330
-376	2329
-376	2329
-376	2329
-753	2329
-753	2329
-753	2329
-981	2329
-981	2329
-981	2328
-1144	2328
-1144	2328
-1144	2327
-1144	2327
-1144	2327
-1144	2326
-1144	2325
-1324	2325
-1324	2324
-1324	2323
-1372	2322
-1372	2322
-1372	2321
-1421	2320
-1421	2319
-1421	2318
-1502	2317
-1502	2316
-1502	2316
-1502	2314
-1502	2313
-1502	2312
-1502	2311
-1649	2309
-1649	2308
-1649	2307
-1697	2305
-1697	2304
-1697	2302
-1762	2301
-1762	2299
-1762	2297
-1762	2296
-1762	2294
-1762	2292
-1762	2290
-1859	2288
-1859	2286
-1859	2283
-1908	2282
-1908	2279
-1908	2277
-1924	2275
-1924	2272
-1924	2270
-1924	2267
-1924	2265
-1924	2263
-1924	2259
-1924	2257
-1924	2254
-1924	2251
-1859	2249
-1859	2246
-1859	2242
-1827	2240
-1827	2237
-1827	2233
-1827	2230
-1827	2227
-1827	2224
-1827	2221
-1827	2218
-1827	2214
-1827	2211
-1843	2209
-1843	2205
-1843	2202
-1859	2199
-1859	2195
-1859	2192
-1891	2188
-1891	2184
-1891	2181
-1940	2178
-1940	2174
-1940	2171
-1940	2167
-1940	2163
-1940	2160
-1940	2156
-2053	2152
-2053	2148
-2053	2144
-2150	2141
-2150	2137
-2150	2132
-2278	2128
-2278	2125
-2278	2121
-2278	2116
-2278	2113
-2278	2108
-2278	2104
-2503	2100
-2503	2095
-2503	2092
-2551	2088
-2551	2083
-2551	2079
-2583	2075
-2583	2070
-2583	2066
-2583	2061
-2583	2057
-2583	2053
-2583	2048
-2583	2044
-2583	2039
-2583	2034
-2583	2030
-2583	2026
-2583	2021
-2599	2016
-2599	2012
-2599	2006
-2615	2002
-2615	1998
-2615	1993
-2615	1988
-2615	1984
-2615	1979
-2615	1974
-2647	1970
-2647	1964
-2647	1961
-2662	1956
-2662	1951
-2662	1946
-2678	1942
-2678	1937
-2678	1933
-2710	1928
-2710	1924
-2710	1920
-2710	1915
-2710	1910
-2710	1906
-2710	1901
-2885	1897
-2885	1893
-2885	1888
-3028	1883
-3028	1879
-3028	1874
-3154	1870
-3154	1866
-3154	1861
-3154	1858
-3154	1854
-3154	1849
-3154	1845
-3265	1842
-3265	1837
-3265	1833
-3296	1829
-3296	1825
-3296	1821
-3312	1817
-3312	1813
-3312	1809
-3343	1804
-3343	1801
-3343	1797
-3343	1792
-3343	1788
-3343	1785
-3343	1780
-3406	1777
-3406	1773
-3406	1768
-3453	1764
-3453	1761
-3453	1756
-3500	1752
-3500	1749
-3500	1744
-3625	1730
-3625	1722
-3625	1721
-3625	1720
-3625	1718
-3656	1717
-3656	1706
-3656	1706
-3656	1705
-3656	1704
-3687	1703
-3687	1696
-3687	1695
-3687	1695
-3687	1693
-3718	1690
-3718	1685
-3718	1685
-3718	1683
-3718	1680
-3718	1678
-3718	1675
-3718	1672
-3718	1669
-3718	1666
-3718	1664
-3718	1660
-3718	1657
-3718	1654
-3718	1652
-3718	1648
-3718	1644
-3718	1643
-3718	1639
-3718	1635
-3718	1633
-3718	1630
-3718	1627
-3718	1624
-3718	1621
-3718	1618
-3718	1615
-3718	1611
-3718	1608
-3765	1605
-3765	1603
-3765	1600
-3796	1597
-3796	1594
-3796	1591
-3811	1588
-3811	1586
-3811	1583
-3827	1580
-3827	1578
-3827	1575
-3827	1572
-3827	1569
-3827	1567
-3827	1564
-3858	1561
-3858	1558
-3858	1555
-3858	1552
-3858	1550
-3858	1546
-3858	1544
-3858	1541
-3858	1538
-3858	1535
-3858	1533
-3858	1529
-3858	1527
-3873	1523
-3873	1521
-3873	1518
-3889	1516
-3889	1513
-3889	1510
-3889	1508
-3889	1506
-3889	1503
-3904	1501
-3904	1498
-3904	1496
-3904	1494
-3904	1492
-3904	1490
-3904	1488
-3966	1486
-3966	1483
-3966	1481
-4012	1480
-4012	1478
-4012	1476
-4074	1474
-4074	1473
-4074	1470
-4074	1469
-4074	1467
-4074	1465
-4074	1464
-4196	1461
-4196	1460
-4196	1458
-4257	1457
-4257	1455
-4257	1453
-4303	1452
-4303	1450
-4303	1448
-4349	1446
-4349	1445
-4349	1443
-4349	1441
-4349	1439
-4349	1438
-4349	1435
-4410	1434
-4410	1432
-4410	1431
-4440	1428
-4440	1427
-4440	1424
-4486	1423
-4486	1421
-4486	1419
-4486	1417
-4486	1415
-4486	1412
-4486	1410
-4576	1408
-4576	1406
-4576	1404
-4652	1402
-4652	1399
-4652	1397
-4712	1394
-4712	1393
-4712	1391
-4787	1388
-4787	1386
-4787	1384
-4787	1382
-4787	1380
-4787	1378
-4787	1376
-4966	1374
-4966	1372
-4966	1369
-5041	1367
-5041	1365
-5041	1362
-5100	1360
-5100	1358
-5100	1356
-5100	1353
-5100	1351
-5100	1348
-5100	1345
-5233	1343
-5233	1340
-5233	1338
-5335	1333
-5335	1330
-5335	1326
-5408	1322
-5408	1319
-5408	1316
-5496	1312
-5496	1308
-5496	1305
-5496	1302
-5496	1298
-5496	1295
-5496	1290
-5626	1287
-5626	1283
-5626	1279
-5670	1275
-5670	1271
-5670	1267
-5727	1263
-5727	1258
-5727	1253
-5727	1249
-5727	1245
-5727	1240
-5727	1236
-5842	1233
-5842	1227
-5842	1223
-5885	1218
-5885	1213
-5885	1209
-5942	1203
-5942	1198
-5942	1194
-6013	1187
-6013	1181
-6013	1176
-6013	1169
-6013	1164
-6013	1158
-6013	1151
-6252	1146
-6252	1140
-6252	1134
-6350	1128
-6350	1123
-6350	1116
-6419	1111
-6419	1105
-6419	1099
-6419	1093
-6419	1087
-6419	1080
-6419	1074
-6461	1068
-6461	1060
-6461	1054
-6461	1045
-6461	1038
-6461	1031
-6419	1023
-6419	1015
-6419	1009
-6322	1001
-6322	995
-6322	988
-6322	980
-6322	974
-6322	967
-6322	959
-6083	952
-6083	946
-6083	937
-5970	930
-5970	924
-5970	915
-5828	909
-5828	903
-5828	895
-5828	888
-5828	882
-5828	873
-5828	867
-5394	860
-5394	852
-5394	846
-5188	839
-5188	831
-5188	825
-4951	817
-4951	811
-4951	805
-4727	798
-4727	792
-4727	787
-4727	780
-4727	775
-4727	769
-4727	763
-4273	758
-4273	752
-4273	747
-4012	742
-4012	737
-4012	732
-3734	726
-3734	722
-3734	717
-3734	712
-3734	709
-3734	704
-3734	700
-3091	697
-3091	693
-3091	690
-2790	688
-2790	685
-2790	683
-2503	681
-2503	680
-2503	679
-2246	678
-2246	678
-2246	678
-2246	678
-2246	678
-2246	678
-2246	678
-1746	679
-1746	679
-1746	680
-1486	681
-1486	682
-1486	684
-1226	685
-1226	686
-1226	689
-1226	691
-1226	693
-1226	696
-1226	699
-720	702
-720	706
-720	709
-474	713
-474	718
-474	723
-278	728
-278	733
-278	738
-114	745
-114	750
-114	755
-114	762
-114	768
-114	774
-114	782
0	788
0	794
0	803
0	810
0	817
0	827
0	834
0	843
0	853
0	862
0	870
0	881
0	890
147	899
147	911
147	920
262	929
262	941
262	952
376	962
376	976
376	986
540	999
540	1011
540	1022
540	1036
540	1048
540	1060
540	1076
965	1089
965	1102
965	1119
1144	1134
1144	1148
1144	1165
1275	1180
1275	1194
1275	1211
1275	1225
1275	1238
1275	1256
1275	1271
1389	1286
1389	1305
1389	1321
1372	1337
1372	1356
1372	1371
1372	1386
1372	1408
1372	1424
1356	1443
1356	1458
1356	1472
8191	1490
8191	1506
8191	1529
8191	1559
1372	1579
1372	1601
1372	1618
1389	1625
1389	1637
1389	1660
1405	1678
1405	1695
1405	1716
1405	1733
1405	1751
1405	1774
1405	1792
1372	1810
1372	1832
1372	1850
1291	1869
1291	1893
1291	1912
1210	1930
1210	1952
1210	1970
1063	1993
1063	2011
1063	2029
1063	2047
818	2069
818	2087
818	2109
474	2127
474	2145
474	2167
180	2182
180	2197
180	2216
0	2234
0	2251
0	2272
0	2289
0	2306
0	2326
0	2341
-114	2357
-114	2373
-114	2380
-360	2378
-360	2384
-360	2383
-573	2380
-573	2375
-573	2379
-573	2373
-573	2371
-573	2368
-573	2364
-573	2361
-573	2357
-573	2352
-1079	2348
-1079	2344
-1079	2340
-1177	2336
-1177	2333
-1177	2329
-1259	2326
-1259	2323
-1259	2319
-1259	2316
-1259	2313
-1259	2308
-1259	2304
-1389	2301
-1389	2295
-1389	2291
-1454	2287
-1454	2283
-1454	2280
-1551	2277
-1551	2274
-1551	2271
-1551	2268
-1551	2264
-1551	2261
-1551	2256
-1551	2252
-1551	2249
-1551	2244
-1827	2241
-1827	2237
-1827	2233
-1924	2229
-1924	2226
-1924	2222
-2005	2219
-2005	2216
-2005	2212
-2005	2209
-2005	2204
-2005	2200
-2005	2196
-2150	2193
-2150	2188
-2150	2185
-2278	2181
-2278	2176
-2278	2173
-2407	2169
-2407	2165
-2407	2161
-2407	2157
-2407	2152
-2407	2148
-2407	2144
-2647	2138
-2647	2134
-2647	2129
-2790	2125
-2790	2121
-2790	2115
-2933	2111
-2933	2106
-2933	2101
-3075	2097
-3075	2092
-3075	2086
-3075	2082
-3075	2077
-3075	2071
-3075	2066
-3327	2061
-3327	2055
-3327	2050
-3437	2045
-3437	2039
-3437	2034
-3531	2029
-3531	2022
-3531	2017
-3531	2012
-3531	2005
-3531	1999
-3531	1994
-3703	1987
-3703	1981
703	1975
-3-3765	1969
-3765	1963
-3765	1956
-3827	1950
-3827	1944
-3827	1937
-3889	1931
-3889	1925
-3889	1918
-3889	1911
-3889	1905
-3889	1897
-3889	1891
-4074	1884
-4074	1876
-4074	1869
-4166	1863
-4166	1856
-4166	1849
-4242	1843
-4242	1835
-4242	1829
-4242	1823
-4242	1815
-4242	1808
-4242	1801
-4364	1793
-4364	1787
-4364	1779
-4410	1771
-4410	1765
-4410	1756
-4440	1749
-4440	1743
-4440	1734
-4486	1727
-4486	1720
-4486	1712
-4486	1706
-4486	1699
-4486	1690
-4486	1683
-4607	1676
-4607	1667
-4607	1660
-4667	1653
-4667	1643
-4667	1636
-4712	1629
-4712	1619
-4712	1612
-4712	1605
-4712	1597
-4712	1590
-4712	1583
-4817	1575
-4817	1568
-4817	1559
-4922	1552
-4922	1544
-4922	1534
-4996	1526
-4996	1518
-4996	1508
-5055	1501
-5055	1493
-5055	1484
-5055	1478
-5055	1471
-5055	1462
-5055	1456
-5129	1449
-5129	1441
-5129	1434
-5159	1426
-5159	1417
-5159	1408
-5203	1401
-5203	1391
-5203	1383
-5203	1375
-5203	1366
-5203	1358
-5203	1351
-5291	1342
-5291	1334
-5291	1327
-5350	1317
-5350	1309
-5350	1299
-5408	1291
-5408	1282
-5408	1273
-5452	1265
-5452	1257
-5452	1248
-5452	1240
-5452	1233
-5452	1224
-5452	1216
-5583	1209
-5583	1199
-5583	1191
-5641	1183
-5641	1173
-5641	1164
-5684	1156
-5684	1146
-5684	1139
-5684	1131
-5684	1122
-5684	1115
-5684	1107
-5713	1098
-5713	1091
-5713	1083
-5727	1073
-5727	1065
-5727	1058
-5727	1048
-5727	1040
-5727	1030
-5727	1023
-5727	1015
-5727	1007
-5727	999
-5727	992
-5727	983
-5727	977
-5727	969
-5727	960
-5727	953
-5713	946
-5713	937
-5713	929
-5670	922
-5670	914
-5670	907
-5670	901
-5670	892
-5670	886
-5670	879
-5583	871
-5583	864
-5583	857
-5510	849
-5510	842
-5510	835
-5423	827
-5423	821
-5423	813
-5335	806
-5335	800
-5335	793
-5335	787
-5335	781
-5335	774
-5335	768
-5085	763
-5085	756
-5085	750
-4892	745
-4892	738
-4892	733
-4727	727
-4727	720
-4727	715
-4727	710
-4727	704
-4727	699
-4727	694
-4364	689
-4364	685
-4364	681
-4212	675
-4212	672
-4212	669
-4058	664
-4058	660
-4058	656
-3858	653
-3858	651
-3858	647
-3858	645
-3858	642
-3858	639
-3858	637
-3343	634
-3343	632
-3343	632
-3123	630
-3123	628
-3123	627
-2965	626
-2965	626
-2965	625
-2965	625
-2965	625
-2965	625
-2965	625
-2790	626
-2790	627
-2790	627
-2726	629
-2726	630
-2726	631
-2647	632
-2647	634
-2647	636
-2551	638
-2551	640
-2551	642
-2551	645
-2551	647
-2551	649
-2551	652
-2471	654
-2471	658
-2471	660
-2487	663
-2487	667
-2487	670
-2487	673
-2487	678
-2487	681
-2487	685
-2487	689
-2487	693
-2487	697
-2359	703
-2359	707
-2359	712
-2294	717
-2294	722
-2294	727
-2230	733
-2230	738
-2230	744
-2150	749
-2150	754
-2150	761
-1859	759
-1859	771
-1859	773
-1859	775
-1859	778
-1762	780
-1762	796
-1762	798
-1762	799
-1762	800
-1665	801
-1665	815
-1665	815
-1665	817
-1665	819
-1567	825
-1567	834
-1567	835
-1470	840
-1470	844
-1470	850
-1470	855
-1470	862
-1470	867
-1291	874
-1291	880
-1291	886
-1291	893
-1291	899
-1291	905
-1291	913
-1161	919
1161	925
--1161	934
-1112	940
-1112	947
-1112	956
-1079	964
-1079	971
-1079	980
-1079	988
-1079	995
-1079	1005
-1079	1013
-1014	1023
-1014	1031
-1014	1039
-965	1050
-965	1059
-965	1068
-883	1079
-883	1088
-883	1097
-785	1108
-785	1117
-785	1126
-785	1138
-785	1147
-785	1157
-785	1170
-589	1181
-589	1191
-589	1204
-491	1214
-491	1223
-491	1235
-409	1245
-409	1255
-409	1268
-409	1279
-409	1290
-409	1304
-409	1315
-180	1329
-180	1340
-180	1350
-81	1364
-81	1375
-81	1386
0	1402
0	1414
0	1425
0	1439
0	1449
0	1459
0	1473
0	1482
0	1493
0	1508
0	1520
0	1533
0	1548
0	1559
0	1571
0	1584
0	1594
0	1605
0	1620
0	1632
0	1644
0	1658
0	1670
0	1685
0	1696
0	1707
-32	1721
-32	1732
-32	1744
-196	1758
-196	1770
-196	1782
-376	1796
-376	1807
-376	1819
-376	1832
-376	1844
-376	1855
-376	1869
-654	1881
-654	1892
-654	1907
-736	1918
-736	1929
-736	1942
-785	1953
-785	1963
-785	1977
-785	1988
-785	1999
-785	2012
-785	2022
-981	2032
-981	2044
-981	2054
-1161	2066
-1161	2076
-1161	2086
-1405	2097
-1405	2106
-1405	2116
-1616	2127
-1616	2136
-1616	2145
-1616	2155
-1616	2164
-1616	2171
-1616	2181
-1956	2188
-1956	2196
-1956	2205
-2117	2212
-2117	2219
-2117	2227
-2278	2234
-2278	2240
-2278	2247
-2278	2253
-2278	2259
-2278	2266
-2278	2270
-2487	2275
-2487	2281
-2487	2284
-2551	2290
-2551	2294
-2551	2297
-2583	2301
-2583	2304
-2583	2307
-2615	2310
-2615	2313
-2615	2315
-2615	2317
-2615	2318
-2615	2320
-2615	2321
-2662	2322
-2662	2323
-2662	2324
-2694	2324
-2694	2324
-2694	2324
-2726	2324
-2726	2324
-2726	2323
-2726	2323
-2726	2321
-2726	2320
-2726	2319
-2806	2318
-2806	2316
-2806	2315
-2885	2312
-2885	2310
-2885	2308
-2965	2306
-2965	2303
-2965	2301
-3044	2297
-3044	2295
-3044	2292
-3044	2288
-3044	2285
-3044	2282
-3044	2278
-3170	2274
-3170	2271
-3170	2266
-3233	2262
-3233	2258
-3233	2253
-3280	2249
-3280	2244
-3280	2239
-3280	2234
-3280	2229
-3280	2224
-3280	2219
-3390	2213
-3390	2207
-3390	2201
-3484	2196
-3484	2189
-3484	2184
-3625	2177
-3625	2171
-3625	2166
-3796	2158
-3796	2152
-3796	2145
-3796	2137
-3796	2130
-3796	2124
-3796	2115
-4273	2108
-4273	2101
-4273	2092
-4501	2085
-4501	2078
-4501	2069
-4727	2061
-4727	2054
-4727	2044
-4727	2037
-4727	2027
-4727	2018
-4727	2010
-5041	2001
-5041	1990
-5041	1981
-5188	1972
-5188	1962
-5188	1953
-5306	1942
-5306	1933
-5306	1923
-5379	1911
-5379	1901
-5379	1891
-5379	1878
-5379	1869
-5379	1858
-5379	1846
-5452	1836
-5452	1826
-5452	1814
-5423	1803
-5423	1793
-5423	1780
-5394	1769
-5394	1758
-5394	1745
-5394	1735
-5394	1724
-5394	1711
-5394	1700
-5365	1690
-5365	1675
-5365	1664
-5365	1653
-5365	1638
-5365	1626
-5379	1611
-5379	1601
-5379	1591
-5394	1577
-5394	1566
-5394	1555
-5394	1541
-5394	1528
-5394	1516
-5394	1501
-5321	1489
-5321	1478
-5321	1465
-5218	1455
-5218	1444
-5218	1430
-5085	1419
-5085	1406
-5085	1390
-5085	1378
-5085	1366
-5085	1352
-5085	1341
-4682	1330
-4682	1314
-4682	1302
-4410	1290
-4410	1275
-4410	1263
-4089	1252
-4089	1238
-4089	1228
-3703	1215
-3703	1205
-3703	1194
-3703	1181
-3703	1170
-3703	1159
-3703	1147
-2980	1138
-2980	1129
-2980	1119
-2678	1113
-2678	1108
-2678	1101
-2375	1097
-2375	1088
-2375	1077
-1421	1013
-1421	985
-1421	983
-1421	981
-1421	980
-1128	979
-1128	975
-1128	973
-1128	971
-1128	970
-802	968
-802	948
-802	947
-802	945
-802	943
-507	936
-507	926
-507	925
-278	920
-278	916
-278	913
-278	910
-278	906
-278	903
0	901
0	899
0	898
0	897
0	896
0	896
0	896
229	896
229	897
229	898
654	899
654	902
654	904
1128	906
1128	909
1128	912
1584	915
1584	920
1584	924
1584	928
1972	934
1972	939
1972	945
2294	952
2294	958
2294	965
2551	973
2551	980
2551	987
2774	997
2774	1004
2774	1013
2774	1024
2774	1032
2774	1042
2774	1056
3044	1066
3044	1077
3044	1092
3060	1104
3060	1117
3060	1131
3028	1143
3028	1157
3028	1174
3028	1188
3028	1202
3028	1221
3028	1234
2917	1253
2917	1268
2917	1284
2822	1303
2822	1321
2822	1337
2662	1357
2662	1374
2662	1391
2375	1414
2375	1432
2375	1448
1940	1467
1940	1483
1940	1499
1940	1522
1324	1541
1324	1559
1324	1580
736	1596
736	1613
736	1635
49	1654
49	1671
49	1693
49	1709
49	1725
49	1747
49	1764
-981	1786
-981	1803
-981	1819
-1649	1837
-1649	1850
-1649	1862
-2214	1883
-2214	1900
-2214	1915
-2694	1936
-2694	1952
-2694	1967
-2694	1986
-2694	2002
-2694	2017
-2694	2036
-3406	2050
-3406	2063
-3406	2081
-3687	2095
-3687	2108
-3687	2124
-3935	2137
-3935	2149
-3935	2164
-3935	2175
-3935	2186
-3935	2199
-3935	2209
-4242	2219
-4242	2231
-4242	2241
-4303	2252
-4303	2261
-4303	2268
-4303	2277
-4303	2284
-4303	2290
-4212	2297
-4212	2303
-4212	2309
-4212	2314
-4212	2319
-4212	2323
-4212	2328
-3904	2331
-3904	2334
-3904	2337
-3656	2339
-3656	2340
-3656	2342
-3343	2342
-3343	2342
-3343	2341
-3343	2340
-3343	2339
-3343	2338
-3343	2337
-2710	2335
-2710	2333
-2710	2331
-2471	2329
-2471	2327
-2471	2324
-2310	2322
-2310	2320
-2310	2318
-2150	2315
-2150	2313
-2150	2310
-2150	2307
-2150	2305
-2150	2302
-2150	2298
-1827	2296
-1827	2293
-1827	2290
-1649	2288
-1649	2285
-1649	2282
-1454	2280
-1454	2277
-1454	2274
-1454	2271
-1454	2268
-1454	2263
-1454	2260
-1112	2256
-1112	2251
-1112	2248
-949	2244
-949	2241
-949	2239
-785	2237
-785	2234
-785	2230
-638	2225
-638	2223
-638	2219
-638	2215
-638	2212
-638	2209
-638	2205
-376	2202
-376	2199
-376	2196
-262	2193
-262	2191
-262	2187
-163	2185
-163	2183
-163	2180
-163	2178
-163	2175
-163	2173
-163	2171
0	2169
0	2167
0	2165
0	2162
0	2161
0	2159
0	2158
0	2156
0	2155
0	2153
0	2152
0	2152
0	2150
0	2149
0	2149
0	2148
0	2147
0	2147
0	2146
0	2146
0	2146
0	2146
0	2146
0	2146
0	2146
0	2146
0	2146
0	2146
0	2147
0	2147
0	2148
0	2148
0	2148
0	2149
0	2150
0	2150
0	2151
0	2152
0	2152
0	2152
0	2153
0	2154
0	2154
0	2154
0	2155
0	2156
0	2156
0	2157
0	2157
0	2158
0	2158
0	2159
0	2159
0	2159
0	2160
0	2160
0	2160
0	2161
0	2161
0	2161
0	2161
0	2162
0	2162
0	2162
0	2162
0	2163
0	2163
0	2163
0	2164
0	2164
0	2164
0	2164
0	2164
0	2164
0	2164
0	2164
0	2164
0	2165
0	2165
0	2165
0	2165
0	2165
0	2165
0	2165
0	2165
0	2165
0	2165
0	2165
0	2165
0	2165
0	2165
0	2165
0	2165
0	2165
0	2164
0	2165
0	2165
0	2165
0	2165
0	2165
0	2165
0	2165
0	2165
0	2165
0	2165
0	2165
0	2165
0	2165
0	2165
0	2165
0	2165
0	2165
0	2165
0	2165
0	2165
0	2165
0	2165
0	2165
0	2165
0	2165
0	2165
0	2165
0	2165
0	2165
0	2165
0	2165
0	2165
0	2165
0	2165
0	2165
0	2165
0	2165
0	2165
0	2165
0	2165
0	2165
0	2165
0	2165
0	2165
0	2165
0	2165
0	2165
0	2165
0	2165
0	2165
0	2165
0	2165
0	2165
0	2165
0	2165
0	2165
0	2165
0	2165
0	2165
0	2165
0	2165
0	2165
0	2165
0	2165
0	2165
0	2165
0	2165
0	2165
0	2165
0	2165
0	2165
0	2165
0	2165
0	2165
0	2165
0	2165
0	2165
0	2165
0	2165
0	2165
0	2165
0	2165
0	2165
0	2165
0	2165
0	2165
0	2165
0	2165
0	2165
0	2165
0	2165
0	2165
0	2165
0	2165
0	2165
0	2165
0	2165
0	2165
0	2165
0	2165
0	2165
0	2165
0	2165
0	2165
0	2165
0	2165
0	2165
0	2165
0	2165
0	2165
0	2165
0	2165
0	2165
0	2165
0	2165
0	2165
0	2165
0	2165
0	2165
0	2165
0	2165
0	2165
0	2165
0	2165
0	2165
0	2165
0	2165
0	2165
0	2165
0	2165
0	2165
0	2165
0	2165
0	2165
0	2165
0	2165
0	2165
0	2165
0	2165
0	2165
0	2165
0	2165
0	2165
0	2165
0	2165
0	2165
0	2165
0	2165
0	2165
0	2165
0	2165
0	2165
0	2165
0	2165
0	2165
0	2165
0	2165
0	2165
0	2165
0	2165
0	2165
0	2165
0	2165
0	2165
0	2165
0	2165
0	2165
0	2165
0	2165
0	2165
0	2165
0	2165
0	2165
0	2165
0	2165
0	2165
0	2165
0	2165
0	2165
0	2165
0	2165
0	2165
0	2165
0	2165
0	2165
0	2165
0	2165
0	2165
0	2165
0	2165
0	2165
0	2165
0	2165
0	2165
0	2165
0	2165
0	2165
0	2165
0	2165
0	2165
0	2165
0	2165
0	2165
0	2165
0	2165
0	2165
0	2165
0	2165
0	2165
0	2165
0	2165
0	2165
0	2165
0	2165
0	2165
0	2165
0	2165
0	2165
0	2165
0	2165
0	2165
0	2165
0	2165
0	2165
0	2165
0	2165
0	2165
0	2165
0	2165
0	2165
0	2165
0	2165
0	2165
0	2165
0	2165
0	2165
0	2165
0	2165
0	2165
0	2165
0	2165
0	2165
0	2165
0	2165
0	2165
0	2165
0	2165
0	2165
0	2165
0	2165
0	2165
0	2165
0	2165
0	2165
0	2165
0	2165
0	2165
0	2165
0	2165
0	2165
0	2165
0	2165
0	2165
0	2165
0	2165
0	2165
0	2165
0	2165
0	2165
0	2165
0	2165
0	2165
0	2165
0	2165
0	2165
0	2165
0	2165
0	2165
0	2165
0	2165
0	2165
0	2165
0	2165
0	2165
0	2165
0	2165
0	2165
0	2165
0	2165
0	2165
0	2165
0	2165
0	2164
0	2165
0	2165
0	2165
0	2165
0	2165
0	2165
0	2165
0	2165
0	2165
0	2165
0	2165
0	2165
0	2165
0	2165
0	2165
0	2165
0	2165
0	2165
0	2165
0	2165
0	2165
0	2165
0	2165
0	2165
0	2165
0	2165
0	2165
0	2165
0	2165
0	2165
0	2165
0	2165
0	2165
0	2165
0	2165
0	2165
0	2165
0	2165
0	2165
0	2165
0	2165
0	2165
0	2165
0	2165
0	2165
0	2165
0	2165
0	2165
0	2165
0	2165
0	2165
0	2165
0	2165
0	2165
0	2165
0	2165
0	2165
0	2165
0	2165
0	2165
0	2165
0	2165
0	2165
0	2165
0	2165
0	2165
0	2165
0	2165
0	2165
0	2165
0	2165
0	2165
0	2165
0	2165
0	2165
0	2165
0	2165
0	2165
0	2165
0	2165
0	2165
0	2165
0	2165
0	2165
0	2165
0	2165
0	2165
0	2165
0	2165
0	2165
0	2165
0	2165
0	2165
0	2165
0	2165
0	2165
0	2165
0	2165
0	2165
0	2165
0	2165
0	2165
0	2165
0	2165
0	2165
0	2165
0	2165
0	2165
0	2165
0	2165
0	2165
0	2165
0	2165
0	2165
0	2165
0	2165
0	2165
0	2165
0	2165
0	2165
0	2165
0	2165
0	2165
0	2165
0	2165
0	2165
0	2165
0	2165
0	2165
0	2165
0	2165
0	2165
0	2165
0	2165
0	2165
0	2165
0	2165
0	2165
0	2165
0	2165
0	2165
0	2165
0	2165
0	2165
0	2165
0	2165
0	2165
0	2165
0	2165
0	2165
0	2165
0	2165
0	2165
0	2165
0	2165
0	2165
0	2165
0	2165
0	2165
0	2165
0	2165
0	2165
0	2165
0	2165
0	2165
0	2165
0	2165
0	2165
0	2165
0	2165
0	2165
0	2165
0	2165
0	2165
0	2165
0	2165
0	2165
0	2165
0	2165
0	2165
0	2165
0	2165
0	2165
0	2165
0	2165
0	2165
0	2165
0	2165
0	2165
0	2165
0	2165
0	2165
0	2165
0	2165
0	2165
0	2165
0	2165
0	2165
0	2165
0	2165
0	2165
0	2165
0	2165
0	2165
0	2165
0	2165
0	2165
0	2165
0	2165
0	2165
0	2165
0	2165
0	2165
0	2165
0	2165
0	2165
0	2165
0	2165
0	2165
0	2165
0	2165
0	2165
0	2165
0	2165
0	2165
0	2164
0	2165
0	2165
0	2165
0	2165
0	2165
0	2165
0	2165
0	2165
0	2165
0	2165
0	2165
0	2165
0	2165
0	2165
0	2165
0	2165
0	2165
0	2165
0	2165
0	2165
0	2165
0	2165
0	2165
0	2165
0	2165
0	2165
0	2165
0	2165
0	2165
0	2165
0	2165
0	2165
0	2165
0	2165
0	2165
0	2165
0	2165
0	2165
0	2165
0	2165
0	2165
0	2165
0	2165
0	2165
0	2165
0	2165
0	2165
0	2165
0	2165
0	2165
0	2165
0	2165
0	2165
0	2165
0	2165
0	2165
0	2165
0	2165
0	2165
0	2165
0	2165
0	2165
0	2165
0	2165
0	2165
0	2165
0	2165
0	2165
0	2165
0	2165
0	2165
0	2165
0	2165
0	2165
0	2165
0	2165
0	2165
0	2165
0	2165
0	2165
0	2165
0	2165
0	2165
0	2165
0	2165
0	2165
0	2165
0	2165
0	2165
0	2165
0	2165
0	2165
0	2165
0	2165
0	2165
0	2165
0	2165
0	2165
0	2165
0	2165
0	2165
0	2165
0	2165
0	2165
0	2165
0	2165
0	2165
0	2165
0	2165
0	2165
0	2165
0	2165
0	2165
0	2165
0	2165
0	2165
0	2166
0	2165
0	2165
0	2165
0	2165
0	2165
0	2165
0	2165
0	2165
0	2165
0	2165
0	2165
0	2165
0	2165
0	2165
0	2165
0	2165
0	2165
0	2165
0	2165
0	2165
0	2165
0	2165
0	2165
0	2165
0	2165
0	2165
0	2165
0	2165
0	2165
0	2165
0	2165
0	2165
0	2165
0	2165
0	2165
0	2165
0	2165
0	2165
0	2165
0	2165
0	2165
0	2165
0	2165
0	2165
0	2165
0	2165
0	2165
0	2165
0	2165
0	2165
0	2165
0	2165
0	2165
0	2165
0	2165
0	2165
0	2165
0	2165
0	2165
0	2165
0	2165
0	2165
0	2165
0	2165
0	2165
0	2165
0	2165
0	2165
0	2165
0	2165
0	2165
0	2165
0	2165
0	2165
0	2165
0	2165
0	2165
0	2165
0	2165
0	2165
0	2165
0	2165
0	2165
0	2165
0	2165
0	2165
0	2165
0	2165
0	2165
0	2165
0	2165
0	2165
0	2165
0	2165
0	2165
0	2165
0	2165
0	2165
0	2165
0	2165
0	2165
0	2165
0	2165
0	2165
0	2165
0	2165
0	2165
0	2165
0	2165
0	2165
0	2165
0	2165
0	2165
0	2165
0	2165
0	2165
0	2165
0	2165
0	2165
0	2165
0	2165
0	2165
0	2165
0	2165
0	2165
0	2165
0	2165
0	2165
0	2165
0	2165
0	2165
0	2165
0	2165
0	2165
0	2165
0	2165
0	2165
0	2165
0	2165
0	2165
0	2165
0	2165
0	2165
0	2165
0	2165
0	2165
0	2165
0	2165
0	2165
0	2165
0	2165
0	2165
0	2165
0	2165
0	2165
0	2165
0	2165
0	2165
0	2165
0	2165
0	2165
0	2165
0	2165
0	2165
0	2165
0	2165
0	2165
0	2165
0	2165
0	2165
0	2165
0	2165
0	2165
0	2165
0	2165
0	2165
0	2165
0	2165
0	2165
0	2165
0	2165
0	2165
0	2165
0	2165
0	2165
0	2165
0	2165
0	2165
0	2165
0	2165
0	2165
0	2165
0	2165
0	2165
0	2165
0	2165
0	2165
0	2165
0	2165
0	2165
0	2165
0	2165
0	2165
0	2165
0	2165
0	2165
0	2165
0	2165
0	2165
0	2165
0	2165
0	2165
0	2165
0	2165
0	2165
0	2165
0	2165
0	2165
0	2165
0	2165
0	2165
0	2165
0	2165
0	2165
0	2165
0	2165
0	2165
0	2165
0	2165
0	2165
0	2165
0	2165
0	2165
0	2165
0	2165
0	2165
0	2165
0	2165
0	2165
0	2165
0	2165
0	2165
0	2165
0	2165
0	2165
0	2165
0	2165
0	2165
0	2165
0	2165
0	2165
0	2165
0	2165
0	2165
0	2165
0	2165
0	2165
0	2165
0	2165
0	2165
0	2165
0	2165
0	2165
0	2165
0	2165
0	2165
0	2165
0	2165
0	2165
0	2165
0	2165
0	2165
0	2165
0	2165
0	2165
0	2165
0	2165
0	2165
0	2165
0	2165
0	2165
0	2165
0	2165
0	2165
0	2165
0	2165
0	2165
0	2165
0	2165
0	2165
0	2165
0	2165
0	2165
0	2165
0	2165
0	2165
0	2165
0	2165
0	2165
0	2165
0	2165
0	2165
0	2166
0	2165
0	2165
0	2165
0	2165
0	2165
0	2165
0	2165
0	2165
0	2165
0	2165
0	2165
0	2165
0	2165
0	2165
0	2165
0	2165
0	2165
0	2165
0	2165
0	2165
0	2165
0	2165
0	2165
0	2165
0	2165
0	2165
0	2165
0	2165
0	2165
0	2165
0	2165
0	2165
0	2165
0	2165
0	2165
0	2165
0	2165
0	2165
0	2165
0	2165
0	2165
0	2165
0	2165
0	2165
0	2165
0	2165
0	2165
0	2165
0	2165
0	2165
0	2165
0	2165
0	2165
0	2165
0	2165
0	2165
0	2165
0	2165
0	2165
0	2165
0	2165
0	2165
0	2165
0	2165
0	2165
0	2165
0	2165
0	2165
0	2165
0	2165
0	2165
0	2165
0	2165
0	2165
0	2165
0	2165
0	2165
0	2165
0	2165
0	2165
0	2165
0	2165
0	2165
0	2165
0	2165
0	2165
0	2165
0	2165
0	2165
0	2165
0	2165
0	2166
0	2165
0	2165
0	2165
0	2165
0	2165
0	2165
0	2165
0	2165
0	2165
0	2165
0	2165
0	2165
0	2165
0	2165
0	2165
0	2165
0	2165
0	2165
0	2165
0	2165
0	2165
0	2165
0	2165
0	2165
0	2165
0	2165
0	2165
0	2165
0	2165
0	2165
0	2165
0	2165
0	2165
0	2165
0	2165
0	2165
0	2165
0	2165
0	2165
0	2165
0	2165
0	2165
0	2165
0	2165
0	2165
0	2165
0	2165
