0 0 0 0 0 0 0 0
0 0 0 0 0 0 0 0
0 0 0 0 0 0 0 0
0 0 0 0 0 0 0 0
0 0 0 0 0 0 0 0
0 0 0 0 0 0 0 0
0 0 0 0 0 0 0 0
0 0 0 0 0 0 0 0
0 0 0 0 0 0 0 0
0 0 0 0 0 0 0 0
0 0 0 0 0 0 0 0
0 0 0 0 0 0 0 0
0 0 0 0 0 0 0 0
0 0 0 0 0 0 0 0
0 0 0 0 0 0 0 0
0 0 0 0 0 0 0 0
0 0 0 0 0 0 0 0
0 0 0 0 0 0 0 0
0 0 0 0 0 0 0 0
0 0 0 0 0 0 0 0
0 0 0 0 0 0 0 0
0 0 0 0 0 0 0 0
0 0 0 0 0 0 0 0
0 0 0 0 0 0 0 0
0 0 0 0 0 0 0 0
0 0 0 0 0 0 0 0
0 0 0 0 0 0 0 0
0 0 0 0 0 0 0 0
0 0 0 0 0 0 0 0
0 0 0 0 0 0 0 0
0 0 0 0 0 0 0 0
0 0 0 0 0 0 0 0
0 0 0 0 0 0 0 0
0 0 0 0 0 0 0 0
0 0 0 0 0 0 0 0
0 0 0 0 0 0 0 0
0 0 0 0 0 0 0 0
0 0 0 0 0 0 0 0
0 0 0 0 0 0 0 0
0 0 0 0 0 0 0 0
0 0 0 0 0 0 0 0
0 0 0 0 0 0 0 0
0 0 0 0 0 0 0 0
0 0 0 0 0 0 0 0
0 0 0 0 0 0 0 0
0 0 -3 0 0 0 0 0
0 0 0 0 0 0 0 0
0 0 0 0 0 0 0 0
0 0 0 0 0 0 0 0
0 0 0 0 0 0 0 0
0 0 0 0 0 0 0 0
0 0 0 0 0 0 0 0
0 0 0 0 0 0 0 0
0 0 0 0 0 0 0 0
0 0 0 0 0 0 0 0
0 0 0 0 0 0 0 0
0 0 0 0 0 0 0 0
0 0 0 0 0 0 0 0
0 0 0 0 0 0 0 0
69 -227 110 -218 416 -416 416 -416
177 -212 391 -187 481 -481 481 -481
370 -360 385 -245 442 -442 442 -442
560 -582 571 -614 871 -871 871 -871
780 -808 441 -737 923 -923 923 -923
669 -576 621 -823 455 -455 455 -455
156 -298 240 -325 0 0 0 0
-218 167 -147 272 -702 702 -702 702
-509 483 -641 696 -1040 1040 -1040 1040
-858 797 -725 941 -1092 1092 -1092 1092
-1022 918 -896 1037 -1079 1079 -1079 1079
-243 1008 -957 521 78 1144 -1144 -78
470 1086 -992 -266 1001 1001 -1001 -1001
795 1069 -1170 -789 1300 1300 -1300 -1300
1686 1224 -1419 -1626 2041 1053 -1053 -2041
1868 -67 -302 -1572 2067 -715 715 -2067
1031 -281 234 -1011 390 -390 390 -390
223 -137 165 -5 -481 -481 481 481
-892 -693 770 696 -988 -988 988 988
-538 -777 904 623 -689 -689 689 689
-549 -806 684 489 -598 -598 598 598
-187 -988 981 2 52 -1196 1196 -52
-5 -1239 1234 -26 65 -1417 1417 -65
-319 -1430 1358 330 -520 -1300 1300 520
-666 -1139 1169 778 -962 -962 962 962
-647 -756 776 680 -611 -611 611 611
-969 98 -139 803 -637 637 -637 637
-714 278 -281 701 -585 585 -585 585
-231 1029 -618 272 -104 1352 -1352 104
-97 1140 -1045 -55 52 1404 -1404 -52
226 1448 -1392 -250 494 1430 -1430 -494
408 811 -948 -448 767 767 -767 -767
487 749 -800 -693 832 832 -832 -832
1140 230 -180 -1156 1534 52 -52 -1534
1481 87 -26 -1583 1755 117 -117 -1755
828 395 -371 -896 429 429 -429 -429
506 211 62 -653 0 0 0 0
-674 -51 -218 631 -1482 78 -78 1482
-229 -19 -189 401 0 0 0 0
-28 102 -47 171 0 0 0 0
-157 242 -348 303 -663 663 -663 663
-584 751 -750 816 -1131 1131 -1131 1131
-1202 512 -542 1134 -1209 221 -221 1209
-1223 -319 410 843 -1092 -1092 1092 1092
-507 -1072 1140 1138 -143 -1807 1807 143
207 -1683 2080 -308 780 -2704 2704 -780
307 -2058 2193 -348 572 -1794 1794 -572
96 -1195 1412 -128 -52 -884 884 52
-419 -1059 797 661 -897 -897 897 897
-967 -1087 933 998 -1131 -1131 1131 1131
-373 -415 447 728 0 0 0 0
-141 -28 -32 10 0 0 0 0
0 8 12 -38 0 0 0 0
98 412 -319 -239 260 1144 -1144 -260
-47 1111 -1099 -124 156 1560 -1560 -156
58 1686 -1576 -233 546 1976 -1976 -546
989 1713 -1662 -1246 1482 1482 -1482 -1482
1065 1326 -1304 -1097 1066 1066 -1066 -1066
993 1058 -1183 -919 1001 1001 -1001 -1001
939 904 -911 -898 806 806 -806 -806
761 491 -511 -940 1118 390 -390 -1118
642 265 -247 -183 0 0 0 0
-134 -90 226 169 -572 -572 572 572
-838 -766 736 460 -1235 -1235 1235 1235
-1049 -1095 1217 761 -1404 -1404 1404 1404
-1053 -1105 1165 945 -871 -871 871 871
-285 -448 146 313 0 0 0 0
-607 426 -195 577 -702 702 -702 702
-542 502 -492 623 -806 806 -806 806
-609 642 -570 717 -780 780 -780 780
-708 604 -620 885 -741 741 -741 741
-243 165 -132 479 0 0 0 0
-118 -11 10 58 0 0 0 0
-5 8 -9 0 0 0 0 0
322 -312 165 -118 806 -806 806 -806
600 -653 715 -630 1066 -1066 1066 -1066
895 -848 874 -817 1053 -1053 1053 -1053
747 -687 705 -980 1079 -533 533 -1079
506 -383 447 -337 0 0 0 0
154 -28 81 -130 0 0 0 0
627 349 -214 -465 689 689 -689 -689
196 -193 6 -143 0 0 0 0
140 -9 119 -170 0 0 0 0
43 46 -86 -78 572 572 -572 -572
498 318 -287 -519 494 494 -494 -494
173 8 -256 -208 0 0 0 0
-111 60 -216 623 -598 598 -598 598
-538 696 -672 452 -1001 1001 -1001 1001
-1206 866 -827 1010 -1625 819 -819 1625
-1277 194 -300 1073 -1209 -169 169 1209
-932 -270 257 717 -598 -598 598 598
-151 100 50 232 0 0 0 0
295 -245 234 -465 806 -806 806 -806
673 -526 634 -572 936 -936 936 -936
814 -890 860 -894 988 -988 988 -988
868 -907 845 -888 806 -806 806 -806
690 -572 565 357 -416 -416 416 416
-191 -639 619 328 -767 -767 767 767
-551 -756 675 562 -858 -858 858 858
-469 -614 556 472 -416 -416 416 416
-61 -199 43 83 0 0 0 0
-3 -9 0 0 0 0 0 0
161 -250 292 -187 507 -507 507 -507
249 -643 454 -201 195 -819 819 -195
286 -800 719 -312 585 -585 585 -585
2 -442 502 -128 0 0 0 0
-316 -442 502 368 -793 -793 793 793
-758 -963 862 738 -1001 -1001 1001 1001
-645 -789 596 366 -351 -351 351 351
-195 -63 100 2 0 0 0 0
27 -15 14 10 0 0 0 0
-174 177 -264 14 -351 351 -351 351
-386 399 -476 366 -897 897 -897 897
-342 1063 -1105 50 -169 1521 -1521 169
106 1385 -1386 -137 572 1534 -1534 -572
878 1353 -1264 -944 1261 1261 -1261 -1261
981 1073 -1053 -1041 1040 1040 -1040 -1040
1301 738 -626 -1285 1391 767 -767 -1391
776 772 -840 -835 702 702 -702 -702
832 46 2 -312 0 0 0 0
-124 205 -298 548 -871 871 -871 871
-80 393 -375 -49 0 0 0 0
-279 -358 58 286 -312 -312 312 312
-419 -501 219 246 -936 -936 936 936
-718 -545 426 581 -494 -494 494 494
31 50 29 110 0 0 0 0
-5 -32 -11 29 0 0 0 0
14 -7 0 -5 0 0 0 0
-409 154 66 324 -923 351 -351 923
-471 288 -74 617 -507 507 -507 507
-532 366 -396 652 -572 572 -572 572
-19 328 -36 -32 0 0 0 0
489 763 -593 -480 1040 1040 -1040 -1040
993 1240 -1260 -1122 1664 1664 -1664 -1664
625 1017 -963 -735 559 559 -559 -559
104 309 -220 -208 0 0 0 0
39 18 14 2 0 0 0 0
263 -164 -7 -377 299 -299 299 -299
617 -505 238 -595 1118 -1118 1118 -1118
765 -817 715 -852 819 -819 819 -819
303 -455 288 -296 0 0 0 0
83 33 54 -118 0 0 0 0
-258 -130 234 16 -468 -468 468 468
-335 -419 249 449 -481 -481 481 481
-365 -505 399 156 -559 -559 559 559
-419 -453 533 343 -572 -572 572 572
-298 -779 736 326 -260 -910 910 260
-44 -1013 962 -5 26 -988 988 -26
2 -867 862 -70 78 -728 728 -78
-453 -672 713 307 -754 -754 754 754
-825 -829 791 889 -1001 -1001 1001 1001
-1003 -946 904 912 -949 -949 949 949
-484 -442 541 761 0 0 0 0
-103 -116 79 14 0 0 0 0
4 -3 -13 0 0 0 0 0
0 0 4 -3 0 0 0 0
92 -216 238 -111 429 -429 429 -429
188 -342 362 -141 494 -494 494 -494
531 -67 16 -576 871 169 -169 -871
615 272 -262 -559 650 650 -650 -650
405 202 -111 -371 312 312 -312 -312
311 161 -160 -289 468 468 -468 -468
387 265 -222 -390 403 403 -403 -403
27 -118 -11 -74 0 0 0 0
0 -3 0 -86 0 0 0 0
0 0 0 0 0 0 0 0
0 0 0 0 0 0 0 0
0 56 -70 -270 273 273 -273 -273
0 -5 0 27 0 0 0 0
0 0 0 -5 0 0 0 0
0 0 0 0 0 0 0 0
0 0 0 0 0 0 0 0
0 87 -99 37 -455 455 -455 455
-287 594 -488 529 -949 949 -949 949
-852 887 -829 843 -897 897 -897 897
-612 577 -312 575 -325 325 -325 325
-55 39 -101 209 0 0 0 0
-143 136 -149 399 -377 377 -377 377
-417 824 -486 594 -819 819 -819 819
-314 763 -494 412 -91 793 -793 91
428 872 -821 -241 1079 1079 -1079 -1079
931 1127 -1179 -1032 1300 1300 -1300 -1300
1391 1613 -1580 -1415 1586 1586 -1586 -1586
433 947 -978 -620 377 377 -377 -377
399 251 -285 -128 0 0 0 0
4 -84 -74 77 0 0 0 0
345 -300 274 -122 741 -741 741 -741
617 -471 512 -432 689 -689 689 -689
452 -371 280 -436 299 -299 299 -299
-7 -406 167 142 -364 -364 364 364
-296 -187 179 75 -520 -520 520 520
-350 -409 472 165 -611 -611 611 611
-595 -645 696 554 -806 -806 806 806
-616 -741 763 684 -611 -611 611 611
37 -337 533 -189 351 -351 351 -351
228 -419 479 -134 559 -559 559 -559
330 -446 462 -314 494 -494 494 -494
253 -212 163 -44 0 0 0 0
-220 -427 399 249 -546 -546 546 546
-325 -555 596 426 -611 -611 611 611
-438 -597 625 565 -585 -585 585 585
-542 -568 588 504 -663 -663 663 663
-597 -714 619 671 -585 -585 585 585
-708 240 -193 721 -728 728 -728 728
-775 483 -448 864 -832 832 -832 832
-812 502 -446 893 -728 728 -728 728
-519 433 -321 650 -507 507 -507 507
4 1171 -691 297 494 1352 -1352 -494
387 657 -844 85 559 559 -559 -559
240 512 -427 -212 286 286 -286 -286
92 -21 37 -28 0 0 0 0
173 171 -139 -494 624 624 -624 -624
571 701 -574 -662 767 767 -767 -767
133 75 -321 -44 0 0 0 0
62 18 -24 50 0 0 0 0
10 0 -5 -5 0 0 0 0
301 -157 92 -95 598 -598 598 -598
475 -348 355 -469 637 -637 637 -637
274 23 -86 -492 0 0 0 0
31 -5 -5 -111 0 0 0 0
10 14 0 -32 0 0 0 0
211 150 -80 -149 286 286 -286 -286
83 -51 -9 -256 0 0 0 0
39 -390 230 -126 494 -494 494 -494
468 81 299 -572 0 0 0 0
171 0 -21 -155 0 0 0 0
2 4 12 -47 0 0 0 0
0 0 0 -5 0 0 0 0
0 0 0 0 0 0 0 0
-59 -19 52 -201 117 -689 689 -117
412 -369 420 -442 793 -793 793 -793
968 -867 943 -1026 1170 -1170 1170 -1170
468 -660 234 -250 0 0 0 0
0 -134 171 102 -546 -546 546 546
-547 -666 617 385 -884 -884 884 884
-566 -752 774 546 -676 -676 676 676
-105 -256 131 336 0 0 0 0
25 71 -59 232 -338 338 -338 338
-254 209 -227 175 -663 663 -663 663
-478 364 -344 184 -559 559 -559 559
-605 516 -519 684 -767 767 -767 767
-461 378 -367 234 -351 351 -351 351
-191 -17 -99 182 0 0 0 0
6 14 0 12 0 0 0 0
165 305 -350 -166 520 520 -520 -520
326 267 -337 -386 494 494 -494 -494
-224 405 -304 253 -299 299 -299 299
-95 318 -356 140 -377 377 -377 377
-5 18 -72 -3 0 0 0 0
0 -3 -11 -13 0 0 0 0
-107 43 -67 144 -338 338 -338 338
-260 368 -465 43 -546 546 -546 546
-304 445 -563 359 -351 351 -351 351
-84 98 -63 96 0 0 0 0
-13 14 -30 23 0 0 0 0
179 269 -304 -162 663 663 -663 -663
435 671 -716 -492 754 754 -754 -754
500 776 -848 -612 715 715 -715 -715
366 541 -381 -699 0 0 0 0
117 -28 -231 169 338 -338 338 -338
646 -440 284 -300 949 -949 949 -949
958 -714 646 -1045 1066 -1066 1066 -1066
914 -676 602 -593 624 -624 624 -624
184 -716 636 -141 -13 -689 689 13
129 -70 267 -3 0 0 0 0
-90 -7 144 8 -351 -351 351 351
-312 -268 251 242 -572 -572 572 572
-427 -601 401 364 -650 -650 650 650
-589 -720 615 514 -715 -715 715 715
-731 -792 788 730 -949 -949 949 949
-905 -888 841 855 -910 -910 910 910
-764 0 0 933 -702 702 -702 702
-846 592 -532 950 -1131 1131 -1131 1131
-1172 901 -940 1343 -1287 1287 -1287 1287
-1331 1075 -1009 1345 -1300 1300 -1300 1300
-327 1743 -1568 207 338 1794 -1794 -338
508 1102 -1154 -557 1053 1053 -1053 -1053
807 1033 -1114 -969 1079 1079 -1079 -1079
883 956 -974 -750 871 871 -871 -871
870 998 -923 -754 858 858 -858 -858
418 395 -517 -519 0 0 0 0
58 39 -9 -118 0 0 0 0
295 -440 196 -578 1066 -1066 1066 -1066
970 -750 688 -856 1131 -1131 1131 -1131
715 -777 767 -800 650 -650 650 -650
431 -132 226 -390 0 0 0 0
295 443 -363 -582 728 728 -728 -728
588 504 -463 -570 650 650 -650 -650
320 290 -455 -404 0 0 0 0
567 -365 267 -151 845 -845 845 -845
814 -802 686 -779 988 -988 988 -988
843 -699 592 -739 481 -481 481 -481
-3 -363 100 60 -611 -611 611 611
-415 -526 663 447 -884 -884 884 884
-716 -835 864 753 -975 -975 975 975
-842 -1049 1008 868 -1027 -1027 1027 1027
-879 -946 897 843 -832 -832 832 832
-532 -545 554 763 -377 -377 377 377
-227 -356 276 240 -273 -273 273 273
-291 -162 79 50 -312 -312 312 312
-580 -628 556 602 -936 -936 936 936
-582 -827 690 558 -715 -715 715 715
-618 -637 742 757 -455 -455 455 455
-153 -143 458 209 0 0 0 0
85 -191 52 -147 325 -325 325 -325
177 -413 280 -250 494 -494 494 -494
470 -296 238 -612 923 13 -13 -923
732 368 -325 -651 858 858 -858 -858
853 652 -635 -894 1040 1040 -1040 -1040
851 732 -586 -787 676 676 -676 -676
667 606 -572 -662 702 702 -702 -702
410 753 -643 -302 325 897 -897 -325
60 240 -235 -273 0 0 0 0
14 25 8 23 0 0 0 0
-434 401 -189 48 -650 650 -650 650
-536 667 -655 652 -1040 1040 -1040 1040
-829 920 -873 933 -988 988 -988 988
-873 820 -812 742 -728 728 -728 728
-365 347 -329 85 0 0 0 0
35 -19 -13 -24 0 0 0 0
198 35 -15 -24 286 286 -286 -286
81 35 -122 -277 338 338 -338 -338
261 397 -425 -302 637 637 -637 -637
650 832 -781 -553 962 962 -962 -962
807 968 -961 -821 819 819 -819 -819
-107 617 -725 -116 0 0 0 0
-38 217 -3 156 0 0 0 0
-30 -212 -55 240 -429 -429 429 429
-139 -103 117 56 -403 -403 403 403
29 -19 -7 -116 0 0 0 0
2 -7 6 41 0 0 0 0
0 0 0 0 0 0 0 0
0 -5 0 0 0 0 0 0
0 0 0 0 0 0 0 0
0 0 0 0 0 0 0 0
0 0 0 0 0 0 0 0
0 0 0 0 0 0 0 0
0 0 0 0 0 0 0 0
0 0 0 0 0 0 0 0
0 0 0 0 0 0 0 0
0 0 0 0 0 0 0 0
0 0 0 0 0 0 0 0
0 0 0 0 0 0 0 0
0 0 0 0 0 0 0 0
0 0 0 0 0 0 0 0
0 0 0 0 0 0 0 0
0 0 0 0 0 0 0 0
0 0 0 0 0 0 0 0
0 0 0 0 0 0 0 0
0 0 0 0 0 0 0 0
0 0 0 0 0 0 0 0
0 0 0 0 0 0 0 0
0 0 0 0 0 0 0 0
0 0 0 0 0 0 0 0
0 0 