0	0
1	0
2	0
3	0
4	0
5	0
6	0
7	0
8	0
9	0
10	0
11	0
12	0
13	0
114	0
5	0
16	0
17	0
18	0
19	0
20	0
21	0
22	0
23	0
24	0
25	0
26	0
27	0
28	0
29	0
30	0
31	0
32	0
33	0
34	0
35	0
36	0
37	0
38	0
39	0
40	0
41	0
42	0
43	0
44	0
45	0
46	0
47	0
48	0
49	0
50	0
51	0
52	0
53	0
54	0
55	0
56	0
57	0
58	0
59	0
60	0
61	0
62	0
63	0
64	0
65	0
66	0
67	0
68	0
69	0
70	0
71	0
72	0
73	0
74	0
75	0
76	0
77	0
78	0
79	0
80	0
81	0
82	0
83	0
84	0
85	0
86	0
87	0
88	0
89	0
90	0
91	0
92	0
93	0
94	0
95	0
96	0
97	0
98	0
99	0
100	0
101	0
102	0
103	0
104	0
105	0
106	0
107	0
108	0
109	0
110	0
111	0
112	0
113	0
114	0
115	0
116	0
117	0
118	0
119	0
120	0
121	0
122	0
123	0
124	0
125	0
126	0
127	0
128	0
129	0
130	0
131	0
132	0
133	0
134	0
135	0
136	0
137	0
138	0
139	0
140	0
141	0
142	0
143	0
144	0
145	0
146	0
147	0
148	0
149	0
150	0
151	0
152	0
153	0
154	0
155	0
156	0
157	0
158	0
159	0
160	0
161	0
162	0
163	0
164	0
165	0
166	0
167	0
168	0
169	0
170	0
171	0
172	0
173	0
174	0
175	0
176	0
177	0
178	0
179	0
180	0
181	0
182	0
183	0
184	0
185	0
186	0
187	0
188	0
189	0
190	0
191	0
192	0
193	0
194	0
195	0
196	0
197	0
198	0
199	0
200	0
201	0
202	0
203	0
204	0
205	0
206	0
207	0
208	0
209	0
210	0
211	0
212	0
213	0
214	0
215	0
216	0
217	0
218	0
219	0
220	0
221	0
222	0
223	0
224	0
225	0
226	0
227	0
228	0
229	0
230	0
231	0
232	0
233	0
234	0
235	0
236	0
237	0
238	0
239	0
240	0
241	0
242	0
243	0
244	0
245	0
246	0
247	0
248	0
249	0
250	0
251	0
252	0
253	0
254	0
255	0
256	0
257	0
258	0
259	0
260	0
261	0
262	0
263	0
264	0
265	0
266	0
267	0
268	0
269	0
270	0
271	0
272	0
273	0
274	0
275	0
276	0
277	0
278	0
279	0
280	0
281	0
282	0
283	0
284	0
285	0
286	0
287	0
288	0
289	0
290	0
291	0
292	0
293	0
294	0
295	0
296	0
297	0
298	0
299	0
300	0
301	0
302	0
303	0
304	0
305	0
306	0
307	0
308	0
309	0
310	0
311	0
312	0
313	0
314	0
315	0
316	0
317	0
318	0
319	0
320	0
321	0
322	0
323	0
324	0
325	0
326	0
327	0
328	0
329	0
330	0
331	0
332	0
333	0
334	0
335	0
336	0
337	0
338	0
339	0
340	0
341	0
342	0
343	0
344	0
345	0
346	0
347	0
348	0
349	0
350	0
351	0
352	0
353	0
354	0
355	0
356	0
357	0
358	0
359	0
360	0
361	0
362	0
363	0
364	0
365	0
366	0
367	0
368	0
369	0
370	0
371	0
372	0
373	0
374	0
375	0
376	0
377	0
378	0
379	0
380	0
381	0
382	0
383	0
384	0
385	0
386	0
387	0
388	0
389	0
390	0
391	0
392	0
393	0
394	0
395	0
396	0
397	0
398	0
399	0
400	0
401	0
402	0
403	0
404	0
405	0
406	0
407	0
408	0
409	0
410	0
411	0
412	0
413	0
414	0
415	0
416	0
417	0
418	0
419	0
420	0
421	0
422	0
423	0
424	0
425	0
426	0
427	0
428	0
429	0
430	0
431	0
432	0
433	0
434	0
435	0
436	0
437	0
438	0
439	0
440	0
441	0
442	0
443	0
444	0
445	0
446	0
447	0
448	0
449	0
450	0
451	0
452	0
453	0
454	0
455	0
456	0
457	0
458	0
459	0
460	0
461	0
462	0
463	0
464	0
465	0
466	0
467	0
468	0
469	0
470	0
471	0
472	0
473	0
474	0
475	0
476	0
477	0
478	0
479	0
480	0
481	0
482	0
483	0
484	0
485	0
486	0
487	0
488	0
489	0
490	0
491	0
492	0
493	0
494	0
495	0
496	0
497	0
498	0
499	0
500	0
501	0
502	0
503	0
504	0
505	0
506	0
507	0
508	0
509	0
510	0
511	0
512	0
513	0
514	0
515	0
516	0
517	0
518	0
519	0
520	0
521	0
522	0
523	0
524	0
525	0
526	0
527	0
528	0
529	0
530	0
531	0
532	0
533	0
534	0
535	0
536	0
537	0
538	0
539	0
540	0
541	0
542	0
543	0
544	0
545	0
546	0
547	0
548	0
549	0
550	0
551	0
552	0
553	0
554	0
555	0
556	0
557	0
558	0
559	0
560	0
561	0
562	0
563	0
564	0
565	0
566	0
567	0
568	0
569	0
570	0
571	0
572	0
573	0
574	0
575	0
576	0
577	0
578	0
579	0
580	0
581	0
582	0
583	0
584	0
585	0
586	0
587	0
588	0
589	0
590	0
591	0
592	0
593	0
594	0
595	0
596	0
597	0
598	0
599	0
600	0
601	0
602	0
603	0
604	0
605	0
606	0
607	0
608	0
609	0
610	0
611	0
612	0
613	0
614	0
615	0
616	0
617	0
618	0
619	0
620	0
621	0
622	0
623	0
624	0
625	0
626	0
627	0
628	0
629	0
630	0
631	0
632	0
633	0
634	0
635	0
636	0
637	0
638	0
639	0
640	0
641	0
642	0
643	0
644	0
645	0
646	0
647	0
648	0
649	0
650	0
651	0
652	0
653	0
654	0
655	0
656	0
657	0
658	0
659	0
660	0
661	0
662	0
663	0
664	0
665	0
666	0
667	0
668	0
669	0
670	0
671	0
672	0
673	0
674	0
675	0
676	0
677	0
678	0
679	0
680	0
681	0
682	0
683	0
684	0
685	0
686	0
687	0
688	0
689	0
690	0
691	0
692	0
693	0
694	0
695	0
696	0
697	0
698	0
699	0
700	0
701	0
702	0
703	0
704	0
705	0
706	0
707	0
708	0
709	0
710	0
711	0
712	0
713	0
714	0
715	0
716	0
717	0
718	0
719	0
720	0
721	0
722	0
723	0
724	0
725	0
726	0
727	0
728	0
729	0
730	0
731	0
732	0
733	0
734	0
735	0
736	0
737	0
738	0
739	0
740	0
741	-1
742	-1
743	0
744	0
745	0
746	0
747	0
748	0
749	0
750	0
751	0
752	0
753	0
754	0
755	0
756	0
757	0
758	0
759	0
760	0
761	0
762	0
763	0
764	0
765	0
766	0
767	0
768	0
769	0
770	0
771	0
772	0
773	0
774	0
775	0
776	0
777	0
778	0
779	0
780	0
781	0
782	0
783	0
784	0
785	0
786	0
787	0
788	0
789	0
790	0
791	0
792	0
793	0
794	0
795	0
796	0
797	0
798	0
799	0
800	0
801	0
802	0
803	0
804	0
805	0
806	0
807	0
808	0
809	0
810	0
811	0
812	0
813	0
814	0
815	0
816	0
817	0
818	0
819	0
820	0
821	0
822	0
823	0
824	0
825	0
826	0
827	0
828	0
829	0
830	0
831	0
832	0
833	0
834	0
835	0
836	0
837	0
838	0
839	0
840	0
841	0
842	0
843	0
844	0
845	0
846	0
847	0
848	0
849	0
850	0
851	0
852	0
853	0
854	0
855	0
856	0
857	0
858	0
859	0
860	0
861	0
862	0
863	0
864	0
865	0
866	0
867	0
868	0
869	0
870	0
871	0
872	0
873	0
874	0
875	0
876	0
877	0
878	0
879	0
880	0
881	0
882	0
883	0
884	0
885	0
886	0
887	0
888	0
889	0
890	0
891	0
892	0
893	0
894	0
895	0
896	0
897	0
898	0
899	0
900	0
901	0
902	0
903	0
904	0
905	0
906	0
907	0
908	0
909	0
910	0
911	0
912	0
913	0
914	0
915	0
916	0
917	0
918	0
919	0
920	0
921	0
922	0
923	0
924	0
925	0
926	0
927	0
928	0
929	0
930	0
931	0
932	0
933	0
934	0
935	0
936	0
937	0
938	0
939	0
940	0
941	0
942	0
943	0
944	0
945	0
946	0
947	0
948	0
949	0
950	0
951	0
952	0
953	0
954	0
955	0
956	0
957	0
958	0
959	0
960	0
961	0
962	0
963	0
964	0
965	0
966	0
967	0
968	0
969	0
970	0
971	0
972	0
973	0
974	0
975	0
976	0
977	0
978	0
979	0
980	0
981	0
982	0
983	0
984	0
985	0
986	0
987	0
988	0
989	0
990	0
991	0
992	0
993	0
994	0
995	0
996	0
997	0
998	0
999	0
1000	0
1001	0
1002	0
1003	0
1004	0
1005	0
1006	0
1007	0
1008	0
1009	0
1010	0
1011	0
1012	0
1013	0
1014	0
1015	0
1016	0
1017	0
1018	0
1019	0
1020	0
1021	0
1022	0
1023	0
1024	0
1025	0
1026	0
1027	0
1028	0
1029	0
1030	0
1031	0
1032	0
1033	0
1034	0
1035	0
1036	0
1037	0
1038	0
1039	0
1040	0
1041	0
1042	0
1043	0
1044	0
1045	0
1046	0
1047	0
1048	0
1049	0
1050	0
1051	0
1052	0
1053	0
1054	0
1055	0
1056	0
1057	0
1058	0
1059	0
1060	0
1061	0
1062	0
1063	0
1064	0
1065	0
1066	0
1067	0
1068	0
1069	0
1070	0
1071	0
1072	0
1073	0
1074	0
1075	0
1076	0
1077	0
1078	0
1079	0
1080	0
1081	0
1082	0
1083	0
1084	0
1085	0
1086	0
1087	0
1088	0
1089	0
1090	0
1091	0
1092	0
1093	0
1094	0
1095	0
1096	0
1097	0
1098	0
1099	0
1100	0
1101	0
1102	0
1103	0
1104	0
1105	0
1106	0
1107	0
1108	0
1109	0
1110	0
1111	0
1112	0
1113	0
1114	0
1115	0
1116	0
1117	0
1118	0
1119	0
1120	0
1121	0
1122	0
1123	0
1124	0
1125	0
1126	0
1127	0
1128	0
1129	0
1130	0
1131	0
1132	0
1133	0
1134	0
1135	0
1136	0
1137	0
1138	0
1139	0
1140	0
1141	0
1142	0
1143	0
1144	0
1145	0
1146	0
1147	0
1148	0
1149	0
1150	0
1151	0
1152	0
1153	0
1154	0
1155	0
1156	0
1157	0
1158	0
1159	0
1160	0
1161	0
1162	0
1163	0
1164	0
1165	0
1166	0
1167	0
1168	0
1169	0
1170	0
1171	0
1172	0
1173	0
1174	0
1175	0
1176	0
1177	0
1178	0
1179	0
1180	0
1181	0
1182	0
1183	0
1184	0
1185	0
1186	0
1187	0
1188	0
1189	0
1190	0
1191	0
1192	0
1193	0
1194	0
1195	0
1196	0
1197	0
1198	0
1199	0
1200	0
1201	0
1202	0
1203	0
1204	0
1205	0
1206	0
1207	0
1208	0
1209	0
1210	0
1211	0
1212	0
1213	0
1214	0
1215	0
1216	0
1217	0
1218	0
1219	0
1220	0
1221	0
1222	0
1223	0
1224	0
1225	0
1226	0
1227	0
1228	0
1229	0
1230	0
1231	0
1232	0
1233	0
1234	0
1235	0
1236	0
1237	0
1238	0
1239	0
1240	0
1241	0
1242	0
1243	0
1244	0
1245	0
1246	0
1247	0
1248	0
1249	0
1250	0
1251	0
1252	0
1253	0
1254	0
1255	0
1256	0
1257	0
1258	0
1259	0
1260	0
1261	0
1262	0
1263	0
1264	0
1265	0
1266	0
1267	0
1268	0
1269	0
1270	0
1271	0
1272	0
1273	0
1274	0
1275	0
1276	0
1277	0
1278	0
1279	0
1280	0
1281	0
1282	0
1283	0
1284	0
1285	0
1286	0
1287	0
1288	0
1289	0
1290	0
1291	0
1292	0
1293	0
1294	0
1295	0
1296	0
1297	0
1298	0
1299	0
1300	0
1301	0
1302	0
1303	0
1304	0
1305	0
1306	0
1307	0
1308	0
1309	0
1310	0
1311	0
1312	0
1313	0
1314	0
1315	0
1316	0
1317	0
1318	0
1319	0
1320	0
1321	0
1322	0
1323	0
1324	0
1325	0
1326	0
1327	0
1328	0
1329	0
1330	0
1331	0
1332	0
1333	0
1334	0
1335	0
1336	0
1337	0
1338	0
1339	0
1340	0
1341	0
1342	0
1343	0
1344	0
1345	0
1346	0
1347	0
1348	0
1349	0
1350	0
1351	0
1352	0
1353	0
1354	0
1355	0
1356	0
1357	0
1358	0
1359	0
1360	0
1361	0
1362	0
1363	0
1364	0
1365	0
1366	0
1367	0
1368	0
1369	0
1370	0
1371	0
1372	0
1373	0
1374	0
1375	0
1376	0
1377	0
1378	0
1379	0
1380	0
1381	0
1382	0
1383	0
1384	0
1385	0
1386	0
1387	0
1388	0
1389	0
1390	0
1391	0
1392	0
1393	0
1394	0
1395	0
1396	0
1397	0
1398	0
1399	0
1400	0
1401	0
1402	0
1403	0
1404	0
1405	0
1406	0
1407	0
1408	0
1409	0
1410	0
1411	0
1412	0
1413	0
1414	0
1415	0
1416	0
1417	0
1418	0
1419	0
1420	0
1421	0
1422	0
1423	0
1424	0
1425	0
1426	0
1427	0
1428	0
1429	0
1430	0
1431	0
1432	0
1433	0
1434	0
1435	0
1436	0
1437	0
1438	0
1439	0
1440	0
1441	0
1442	0
1443	0
1444	0
1445	0
1446	0
1447	0
1448	0
1449	0
1450	0
1451	0
1452	0
1453	0
1454	0
1455	0
1456	0
1457	0
1458	0
1459	0
1460	0
1461	0
1462	0
1463	0
1464	0
1465	0
1466	0
1467	0
1468	0
1469	0
1470	0
1471	0
1472	0
1473	0
1474	0
1475	0
1476	0
1477	0
1478	0
1479	0
1480	0
1481	0
1482	0
1483	0
1484	0
1485	0
1486	0
1487	0
1488	0
1489	0
1490	0
1491	0
1492	0
1493	0
1494	0
1495	0
1496	0
1497	0
1498	0
1499	0
1500	0
1501	0
1502	0
1503	0
1504	0
1505	0
1506	0
1507	0
1508	0
1509	0
1510	0
1511	0
1512	0
1513	0
1514	0
1515	0
1516	0
1517	0
1518	0
1519	0
1520	0
1521	0
1522	0
1523	0
1524	0
1525	0
1526	0
1527	0
1528	0
1529	0
1530	0
1531	0
1532	0
1533	0
1534	0
1535	0
1536	0
1537	0
1538	0
1539	0
1540	0
1541	0
1542	0
1543	0
1544	0
1545	0
1546	0
1547	0
1548	0
1549	0
1550	0
1551	0
1552	0
1553	0
1554	0
1555	0
1556	0
1557	0
1558	0
1559	0
1560	0
1561	0
1562	0
1563	0
1564	0
1565	0
1566	0
1567	0
1568	0
1569	0
1570	0
1571	0
1572	0
1573	0
1574	0
1575	0
1576	0
1577	0
1578	0
1579	0
1580	0
1581	0
1582	0
1583	0
1584	0
1585	0
1586	0
1587	0
1588	0
1589	0
1590	0
1591	0
1592	0
1593	0
1594	0
1595	0
1596	0
1597	0
1598	0
1599	0
1600	0
1601	0
1602	0
1603	0
1604	0
1605	0
1606	0
1607	0
1608	0
1609	0
1610	0
1611	0
1612	0
1613	0
1614	0
1615	0
1616	0
1617	0
1618	0
1619	0
1620	0
1621	0
1622	0
1623	0
1624	0
1625	0
1626	0
1627	0
1628	0
1629	0
1630	0
1631	0
1632	0
1633	0
1634	0
1635	0
1636	0
1637	0
1638	0
1639	0
1640	0
1641	0
1642	0
1643	0
1644	0
1645	0
1646	0
1647	0
1648	0
1649	0
1650	0
1651	0
1652	0
1653	0
1654	0
1655	0
1656	0
1657	0
1658	0
1659	0
1660	0
1661	0
1662	0
1663	0
1664	0
1665	0
1666	0
1667	0
1668	0
1669	0
1670	0
1671	0
1672	0
1673	0
1674	0
1675	0
1676	0
1677	0
1678	0
1679	0
1680	0
1681	0
1682	0
1683	0
1684	0
1685	0
1686	0
1687	0
1688	0
1689	0
1690	0
1691	0
1692	0
1693	0
1694	0
1695	0
1696	0
1697	0
1698	0
1699	0
1700	0
1701	0
1702	0
1703	0
1704	0
1705	0
1706	0
1707	0
1708	0
1709	0
1710	0
1711	0
1712	0
1713	0
1714	0
1715	0
1716	0
1717	0
1718	0
1719	0
1720	0
1721	0
1722	0
1723	0
1724	0
1725	0
1726	0
1727	0
1728	0
1729	0
1730	0
1731	0
1732	0
1733	0
1734	0
1735	0
1736	0
1737	0
1738	0
1739	0
1740	0
1741	0
1742	0
1743	0
1744	0
1745	0
1746	0
1747	0
1748	0
1749	0
1750	0
1751	0
1752	0
1753	0
1754	0
1755	0
1756	0
1757	0
1758	0
1759	0
1760	0
1761	0
1762	0
1763	0
1764	0
1765	0
1766	0
1767	0
1768	0
1769	0
1770	0
1771	0
1772	0
1773	0
1774	0
1775	0
1776	0
1777	0
1778	0
1779	0
1780	0
1781	0
1782	0
1783	0
1784	0
1785	0
1786	0
1787	0
1788	0
1789	0
1790	0
1791	0
1792	0
1793	0
1794	0
1795	0
1796	0
1797	0
1798	0
1799	0
1800	0
1801	0
1802	0
1803	0
1804	0
1805	0
1806	0
1807	0
1808	0
1809	0
1810	0
1811	0
1812	0
1813	0
1814	0
1815	0
1816	0
1817	0
1818	0
1819	0
1820	0
1821	0
1822	0
1823	0
1824	0
1825	0
1826	0
1827	0
1828	0
1829	0
1830	0
1831	0
1832	0
1833	0
1834	0
1835	0
1836	0
1837	0
1838	0
1839	0
1840	0
1841	0
1842	0
1843	0
1844	0
1845	0
1846	0
1847	0
1848	0
1849	0
1850	0
1851	0
1852	0
1853	0
1854	0
1855	0
1856	0
1857	0
1858	0
1859	0
1860	0
1861	0
1862	0
1863	0
1864	0
1865	0
1866	0
1867	0
1868	0
1869	0
1870	0
1871	0
1872	0
1873	0
1874	0
1875	0
1876	0
1877	0
1878	0
1879	0
1880	0
1881	0
1882	0
1883	0
1884	0
1885	0
1886	0
1887	0
1888	0
1889	0
1890	0
1891	0
1892	0
1893	0
1894	0
1895	0
1896	0
1897	0
1898	0
1899	0
1900	0
1901	0
1902	0
1903	0
1904	0
1905	0
1906	0
1907	0
1908	0
1909	0
1910	0
1911	0
1912	0
1913	0
1914	0
1915	0
1916	0
1917	0
1918	0
1919	0
1920	0
1921	0
1922	0
1923	0
1924	0
1925	0
1926	0
1927	0
1928	0
1929	0
1930	0
1931	0
1932	0
1933	0
1934	0
1935	0
1936	0
1937	0
1938	0
1939	0
1940	0
1941	0
1942	0
1943	0
1944	0
1945	0
1946	0
1947	0
1948	0
1949	0
1950	0
1951	0
1952	0
1953	0
1954	0
1955	0
1956	0
1957	0
1958	0
1959	0
1960	0
1961	0
1962	0
1963	0
1964	0
1965	0
1966	0
1967	0
1968	0
1969	0
1970	0
1971	0
1972	0
1973	0
1974	0
1975	0
1976	0
1977	0
1978	0
1979	0
1980	0
1981	0
1982	0
1983	0
1984	0
1985	0
1986	0
1987	0
1988	0
1989	0
1990	0
1991	0
1992	0
1993	0
1994	0
1995	0
1996	0
1997	0
1998	0
1999	0
2000	0
2001	0
2002	0
2003	0
2004	0
2005	0
2006	0
2007	0
2008	0
2009	0
2010	0
2011	0
2012	0
2013	0
2014	0
2015	0
2016	0
2017	0
2018	0
2019	0
2020	0
2021	0
2022	0
2023	0
2024	0
2025	0
2026	0
2027	0
2028	0
2029	0
2030	0
2031	0
2032	0
2033	0
2034	0
2035	0
2036	0
2037	0
2038	0
2039	0
2040	0
2041	0
2042	0
2043	0
2044	0
2045	0
2046	0
2047	0
2048	0
2049	0
2050	0
2051	0
2052	0
2053	0
2054	0
2055	0
2056	0
2057	0
2058	0
2059	0
2060	0
2061	0
2062	0
2063	0
2064	0
2065	0
2066	0
2067	0
2068	0
2069	0
2070	0
2071	0
2072	0
2073	0
2074	0
2075	0
2076	0
2077	0
2078	0
2079	0
2080	0
2081	0
2082	0
2083	0
2084	0
2085	0
2086	0
2087	0
2088	0
2089	0
2090	0
2091	0
2092	0
2093	0
2094	0
2095	0
2096	0
2097	0
2098	0
2099	0
2100	0
2101	0
2102	0
2103	0
2104	0
2105	0
2106	0
2107	0
2108	0
2109	0
2110	0
2111	0
2112	0
2113	0
2114	0
2115	0
2116	0
2117	0
2118	0
2119	0
2120	0
2121	0
2122	0
2123	0
2124	0
2125	0
2126	0
2127	0
2128	0
2129	0
2130	0
2131	0
2132	0
2133	0
2134	0
2135	0
2136	0
2137	0
2138	0
2139	0
2140	0
2141	0
2142	0
2143	0
2144	0
2145	0
2146	0
2147	0
2148	0
2149	0
2150	0
2151	0
2152	0
2153	0
2154	0
2155	0
2156	0
2157	0
2158	0
2159	0
2160	0
2161	0
2162	0
2163	0
2164	0
2165	0
2166	0
2167	0
2168	0
2169	0
2170	0
2171	0
2172	0
2173	0
2174	0
2175	0
2176	0
2177	0
2178	0
2179	0
2180	0
2181	0
2182	0
2183	0
2184	0
2185	0
2186	0
2187	0
2188	0
2189	0
2190	0
2191	0
2192	0
2193	0
2194	0
2195	0
2196	0
2197	0
2198	0
2199	0
2200	0
2201	0
2202	0
2203	0
2204	0
2205	0
2206	0
2207	0
2208	0
2209	0
2210	0
2211	0
2212	0
2213	0
2214	0
2215	0
2216	0
2217	0
2218	0
2219	0
2220	0
2221	0
2222	0
2223	0
2224	0
2225	0
2226	0
2227	0
2228	0
2229	0
2230	0
2231	0
2232	0
2233	0
2234	0
2235	0
2236	0
2237	0
2238	0
2239	0
2240	0
2241	0
2242	0
2243	0
2244	0
2245	0
2246	0
2247	0
2248	0
2249	0
2250	0
2251	0
2252	0
2253	0
2254	0
2255	0
2256	0
2257	0
2258	0
2259	0
2260	0
2261	0
2262	0
2263	0
2264	0
2265	0
2266	0
2267	0
2268	0
2269	0
2270	0
2271	0
2272	0
2273	0
2274	0
2275	0
2276	0
2277	0
2278	0
2279	0
2280	0
2281	0
2282	0
2283	0
2284	0
2285	0
2286	0
2287	0
2288	0
2289	0
2290	0
2291	0
2292	0
2293	0
2294	0
2295	0
2296	0
2297	0
2298	0
2299	0
2300	0
2301	0
2302	0
2303	0
2304	0
2305	0
2306	0
2307	0
2308	0
2309	0
2310	0
2311	0
2312	0
2313	0
2314	0
2315	0
2316	0
2317	0
2318	0
2319	0
2320	0
2321	0
2322	0
2323	0
2324	0
2325	0
2326	0
2327	0
2328	0
2329	0
2330	0
2331	0
2332	0
2333	0
2334	0
2335	0
2336	0
2337	0
2338	0
2339	0
2340	0
2341	0
2342	0
2343	0
2344	0
2345	0
2346	0
2347	0
2348	0
2349	0
2350	0
2351	0
2352	0
2353	0
2354	0
2355	0
2356	0
2357	0
2358	0
2359	0
2360	0
2361	0
2362	0
2363	0
2364	0
2365	0
2366	0
2367	0
2368	0
2369	0
2370	0
2371	0
2372	0
2373	0
2374	0
2375	0
2376	0
2377	0
2378	0
2379	0
2380	0
2381	0
2382	0
2383	0
2384	0
2385	0
2386	0
2387	0
2388	0
2389	0
2390	0
2391	0
2392	0
2393	0
2394	0
2395	0
2396	0
2397	0
2398	0
2399	0
2400	0
2401	0
2402	0
2403	0
2404	0
2405	0
2406	0
2407	0
2408	0
2409	0
2410	0
2411	0
2412	0
2413	0
2414	0
2415	0
2416	0
2417	0
2418	0
2419	0
2420	0
2421	0
2422	0
2423	0
2424	0
2425	0
2426	0
2427	0
2428	0
2429	0
2430	0
2431	0
2432	0
2433	0
2434	0
2435	0
2436	0
2437	0
2438	0
2439	0
2440	0
2441	0
2442	0
2443	0
2444	0
2445	0
2446	0
2447	0
2448	0
2449	0
2450	0
2451	0
2452	0
2453	0
2454	0
2455	0
2456	0
2457	0
2458	0
2459	0
2460	0
2461	0
2462	0
2463	0
2464	0
2465	0
2466	0
2467	0
2468	0
2469	0
2470	0
2471	0
2472	0
2473	0
2474	0
2475	0
2476	0
2477	0
2478	0
2479	0
2480	0
2481	0
2482	0
2483	0
2484	0
2485	0
2486	0
2487	0
2488	0
2489	0
2490	0
2491	0
2492	0
2493	0
2494	0
2495	0
2496	0
2497	0
2498	0
2499	0
2500	0
2501	0
2502	0
2503	0
2504	0
2505	0
2506	0
2507	0
2508	0
2509	0
2510	0
2511	0
2512	0
2513	0
2514	0
2515	0
2516	0
2517	0
2518	0
2519	0
2520	0
2521	0
2522	0
2523	0
2524	0
2525	0
2526	0
2527	0
2528	0
2529	0
2530	0
2531	0
2532	0
2533	0
2534	0
2535	0
2536	0
2537	0
2538	0
2539	0
2540	0
2541	0
2542	0
2543	0
2544	0
2545	0
2546	0
2547	0
2548	0
2549	0
2550	0
2551	0
2552	0
2553	0
2554	0
2555	0
2556	0
2557	0
2558	0
2559	0
2560	0
2561	0
2562	0
2563	0
2564	0
2565	0
2566	0
2567	0
2568	0
2569	0
2570	0
2571	0
2572	0
2573	0
2574	0
2575	0
2576	0
2577	0
2578	0
2579	0
2580	0
2581	0
2582	0
2583	0
2584	0
2585	0
2586	0
2587	0
2588	0
2589	0
2590	0
2591	0
2592	0
2593	0
2594	0
2595	0
2596	0
2597	0
2598	0
2599	0
2600	0
2601	0
2602	0
2603	0
2604	0
2605	0
2606	0
2607	0
2608	0
2609	0
2610	0
2611	0
2612	0
2613	0
2614	0
2615	0
2616	0
2617	0
2618	0
2619	0
2620	0
2621	0
2622	0
2623	0
2624	0
2625	0
2626	0
2627	0
2628	0
2629	0
2630	0
2631	0
2632	0
2633	0
2634	0
2635	0
2636	0
2637	0
2638	0
2639	0
2640	0
2641	0
2642	0
2643	0
2644	0
2645	0
2646	0
2647	0
2648	0
2649	0
2650	0
2651	0
2652	0
2653	0
2654	0
2655	0
2656	0
2657	0
2658	0
2659	0
2660	0
2661	0
2662	0
2663	0
2664	0
2665	0
2666	0
2667	0
2668	0
2669	0
2670	0
2671	0
2672	0
2673	0
2674	0
2675	0
2676	0
2677	0
2678	0
2679	0
2680	0
2681	0
2682	0
2683	0
2684	0
2685	0
2686	0
2687	0
2688	0
2689	0
2690	0
2691	0
2692	0
2693	0
2694	0
2695	0
2696	0
2697	0
2698	0
2699	0
2700	0
2701	0
2702	0
2703	0
2704	0
2705	0
2706	0
2707	0
2708	0
2709	0
2710	0
2711	0
2712	0
2713	0
2714	0
2715	0
2716	0
2717	0
2718	0
2719	0
2720	0
2721	0
2722	0
2723	0
2724	0
2725	0
2726	0
2727	0
2728	0
2729	0
2730	0
2731	0
2732	0
2733	0
2734	0
2735	0
2736	0
2737	0
2738	0
2739	0
2740	0
2741	0
2742	0
2743	0
2744	0
2745	0
2746	0
2747	0
2748	0
2749	0
2750	0
2751	0
2752	0
2753	0
2754	0
2755	0
2756	0
2757	0
2758	0
2759	0
2760	0
2761	0
2762	0
2763	0
2764	0
2765	0
2766	0
2767	0
2768	0
2769	0
2770	0
2771	0
2772	0
2773	0
2774	0
2775	0
2776	0
2777	0
2778	0
2779	0
2780	0
2781	0
2782	0
2783	0
2784	0
2785	0
2786	0
2787	0
2788	0
2789	0
2790	0
2791	0
2792	0
2793	0
2794	0
2795	0
2796	0
2797	0
2798	0
2799	0
2800	0
2801	0
2802	0
2803	0
2804	0
2805	0
2806	0
2807	0
2808	0
2809	0
2810	0
2811	0
2812	0
2813	0
2814	0
2815	0
2816	0
2817	0
2818	0
2819	0
2820	0
2821	0
2822	0
2823	0
2824	0
2825	0
2826	0
2827	0
2828	0
2829	0
2830	0
2831	0
2832	0
2833	0
2834	0
2835	0
2836	0
2837	0
2838	0
2839	0
2840	0
2841	0
2842	0
2843	0
2844	0
2845	0
2846	0
2847	0
2848	0
2849	0
2850	0
2851	0
2852	0
2853	0
2854	0
2855	0
2856	0
2857	0
2858	0
2859	0
2860	0
2861	0
2862	0
2863	0
2864	0
2865	0
2866	0
2867	0
2868	0
2869	0
2870	0
2871	0
2872	0
2873	0
2874	0
2875	0
2876	0
2877	0
2878	0
2879	0
2880	0
2881	0
2882	0
2883	0
2884	0
2885	0
2886	0
2887	0
2888	0
2889	0
2890	0
2891	0
2892	0
2893	0
2894	0
2895	0
2896	0
2897	0
2898	0
2899	0
2900	0
2901	0
2902	0
2903	0
2904	0
2905	0
2906	0
2907	0
2908	0
2909	0
2910	0
2911	0
2912	0
2913	0
2914	0
2915	0
2916	0
2917	0
2918	0
2919	0
2920	0
2921	0
2922	0
2923	0
2924	0
2925	0
2926	0
2927	0
2928	0
2929	0
2930	0
2931	0
2932	0
2933	0
2934	0
2935	0
2936	0
2937	0
2938	0
2939	0
2940	0
2941	0
2942	0
2943	0
2944	0
2945	0
2946	0
2947	0
2948	0
2949	0
2950	0
2951	0
2952	0
2953	0
2954	0
2955	0
2956	0
2957	0
2958	0
2959	0
2960	0
2961	0
2962	0
2963	0
2964	0
2965	0
2966	0
2967	0
2968	0
2969	0
2970	0
2971	0
2972	0
2973	0
2974	0
2975	0
2976	0
2977	0
2978	0
2979	0
2980	0
2981	0
2982	0
2983	0
2984	0
2985	0
2986	0
2987	0
2988	0
2989	0
2990	0
2991	0
2992	0
2993	0
2994	0
2995	0
2996	0
2997	0
2998	0
2999	0
3000	0
3001	0
3002	0
3003	0
3004	0
3005	0
3006	0
3007	0
3008	0
3009	0
3010	0
3011	0
3012	0
3013	0
3014	0
3015	0
3016	0
3017	0
3018	0
3019	0
3020	0
3021	0
3022	0
3023	0
3024	0
3025	0
3026	0
3027	0
3028	0
3029	0
3030	0
3031	0
3032	0
3033	0
3034	0
3035	0
3036	0
3037	0
3038	0
3039	0
3040	0
3041	0
3042	0
3043	0
3044	0
3045	0
3046	0
3047	0
3048	0
3049	0
3050	0
3051	0
3052	0
3053	0
3054	0
3055	0
3056	0
3057	0
3058	0
3059	0
3060	0
3061	0
3062	0
3063	0
3064	0
3065	0
3066	0
3067	0
3068	0
3069	0
3070	0
3071	0
3072	0
3073	0
3074	0
3075	0
3076	0
3077	0
3078	0
3079	0
3080	0
3081	0
3082	0
3083	0
3084	0
3085	0
3086	0
3087	0
3088	0
3089	0
3090	0
3091	0
3092	0
3093	0
3094	0
3095	0
3096	0
3097	0
3098	0
3099	0
3100	0
3101	0
3102	0
3103	0
3104	0
3105	0
3106	0
3107	0
3108	0
3109	0
3110	0
3111	0
3112	0
3113	0
3114	0
3115	0
3116	0
3117	0
3118	0
3119	0
3120	0
3121	0
3122	0
3123	0
3124	0
3125	0
3126	0
3127	0
3128	0
3129	0
3130	0
3131	0
3132	0
3133	0
3134	0
3135	0
3136	0
3137	0
3138	0
3139	0
3140	0
3141	0
3142	0
3143	0
3144	0
3145	0
3146	0
3147	0
3148	0
3149	0
3150	0
3151	0
3152	0
3153	0
3154	0
3155	0
3156	0
3157	0
3158	0
3159	0
3160	0
3161	0
3162	0
3163	0
3164	0
3165	0
3166	0
3167	0
3168	0
3169	0
3170	0
3171	0
3172	0
3173	0
3174	0
3175	0
3176	0
3177	0
3178	0
3179	0
3180	0
3181	0
3182	0
3183	0
3184	0
3185	0
3186	0
3187	0
3188	0
3189	0
3190	0
3191	0
3192	0
3193	0
3194	0
3195	0
3196	0
3197	0
3198	0
3199	0
3200	0
3201	0
3202	0
3203	0
3204	0
3205	0
3206	0
3207	0
3208	0
3209	0
3210	0
3211	0
3212	0
3213	0
3214	0
3215	0
3216	0
3217	0
3218	0
3219	0
3220	0
3221	0
3222	0
3223	0
3224	0
3225	0
3226	0
3227	0
3228	0
3229	0
3230	0
3231	0
3232	0
3233	0
3234	0
3235	0
3236	0
3237	0
3238	0
3239	0
3240	0
3241	0
3242	0
3243	0
3244	0
3245	0
3246	0
3247	0
3248	0
3249	0
3250	0
3251	0
3252	0
3253	0
3254	0
3255	0
3256	0
3257	0
3258	0
3259	0
3260	0
3261	0
3262	0
3263	0
3264	0
3265	0
3266	0
3267	0
3268	0
3269	0
3270	0
3271	0
3272	0
3273	0
3274	0
3275	0
3276	0
3277	0
3278	0
3279	0
3280	0
3281	0
3282	0
3283	0
3284	0
3285	0
3286	0
3287	0
3288	0
3289	0
3290	0
3291	0
3292	0
3293	0
3294	0
3295	0
3296	0
3297	0
3298	0
3299	0
3300	0
3301	0
3302	0
3303	0
3304	0
3305	0
3306	0
3307	0
3308	0
3309	0
3310	0
3311	0
3312	0
3313	0
3314	0
3315	0
3316	0
3317	0
3318	0
3319	0
3320	0
3321	0
3322	0
3323	0
3324	0
3325	0
3326	0
3327	0
3328	0
3329	0
3330	0
3331	0
3332	0
3333	0
3334	0
3335	0
3336	0
3337	0
3338	0
3339	0
3340	0
3341	0
3342	0
3343	0
3344	0
3345	0
3346	0
3347	0
3348	0
3349	0
3350	0
3351	0
3352	0
3353	0
3354	0
3355	0
3356	0
3357	0
3358	0
3359	0
3360	0
3361	0
3362	0
3363	0
3364	0
3365	0
3366	0
3367	0
3368	0
3369	0
3370	0
3371	0
3372	0
3373	0
3374	0
3375	0
3376	0
3377	0
3378	0
3379	0
3380	0
3381	0
3382	0
3383	0
3384	0
3385	0
3386	0
3387	0
3388	0
3389	0
3390	0
3391	0
3392	0
3393	0
3394	0
3395	0
3396	0
3397	0
3398	0
3399	0
3400	0
3401	0
3402	0
3403	0
3404	0
3405	0
3406	0
3407	0
3408	0
3409	0
3410	0
3411	0
3412	0
3413	0
3414	0
3415	0
3416	0
3417	0
3418	0
3419	0
3420	0
3421	0
3422	0
3423	0
3424	0
3425	0
3426	0
3427	0
3428	0
3429	0
3430	0
3431	0
3432	0
3433	0
3434	0
3435	0
3436	0
3437	0
3438	0
3439	0
3440	0
3441	0
3442	0
3443	0
3444	0
3445	0
3446	0
3447	0
3448	0
3449	0
3450	0
3451	0
3452	0
3453	0
3454	0
3455	0
3456	0
3457	0
3458	0
3459	0
3460	0
3461	0
3462	0
3463	0
3464	0
3465	0
3466	0
3467	0
3468	0
3469	0
3470	0
3471	0
3472	0
3473	0
3474	0
3475	0
3476	0
3477	0
3478	0
3479	0
3480	0
3481	0
3482	0
3483	0
3484	0
3485	0
3486	0
3487	0
3488	0
3489	0
3490	0
3491	0
3492	0
3493	0
3494	0
3495	0
3496	0
3497	0
3498	0
3499	0
3500	0
3501	0
3502	0
3503	0
3504	0
3505	0
3506	0
3507	0
3508	0
3509	0
3510	0
3511	0
3512	0
3513	0
3514	0
3515	0
3516	0
3517	0
3518	0
3519	0
3520	0
3521	0
3522	0
3523	0
3524	0
3525	0
3526	0
3527	0
3528	0
3529	0
3530	0
3531	0
3532	0
3533	0
3534	0
3535	0
3536	0
3537	0
3538	0
3539	0
3540	0
3541	0
3542	0
3543	0
3544	0
3545	0
3546	0
3547	0
3548	0
3549	0
3550	0
3551	0
3552	0
3553	0
3554	0
3555	0
3556	0
3557	0
3558	0
3559	0
3560	0
3561	0
3562	0
3563	0
3564	0
3565	0
3566	0
3567	0
3568	0
3569	0
3570	0
3571	0
3572	0
3573	0
3574	0
3575	0
3576	0
3577	0
3578	0
3579	0
3580	0
3581	0
3582	0
3583	0
3584	0
3585	0
3586	0
3587	0
3588	0
3589	0
3590	0
3591	0
3592	0
3593	0
3594	0
3595	0
3596	0
3597	0
3598	0
3599	0
3600	0
3601	0
3602	0
3603	0
3604	0
3605	0
3606	0
3607	0
3608	0
3609	0
3610	0
3611	0
3612	0
3613	0
3614	0
3615	0
3616	0
3617	0
3618	0
3619	0
3620	0
3621	0
3622	0
3623	0
3624	0
3625	0
3626	0
3627	0
3628	0
3629	0
3630	0
3631	0
3632	0
3633	0
3634	0
3635	0
3636	0
3637	0
3638	0
3639	0
3640	0
3641	0
3642	0
3643	0
3644	0
3645	0
3646	0
3647	0
3648	0
3649	0
3650	0
3651	0
3652	0
3653	0
3654	0
3655	0
3656	0
3657	0
3658	0
3659	0
3660	0
3661	0
3662	0
3663	0
3664	0
3665	0
3666	0
3667	0
3668	0
3669	0
3670	0
3671	0
3672	0
3673	0
3674	0
3675	0
3676	0
3677	0
3678	0
3679	0
3680	0
3681	0
3682	0
3683	0
3684	0
3685	0
3686	0
3687	0
3688	0
3689	0
3690	0
3691	0
3692	0
3693	0
3694	0
3695	0
3696	0
3697	0
3698	0
3699	0
3700	0
3701	0
3702	0
3703	0
3704	0
3705	0
3706	0
3707	0
3708	0
3709	0
3710	0
3711	0
3712	0
3713	0
3714	0
3715	0
3716	0
3717	0
3718	0
3719	0
3720	0
3721	0
3722	0
3723	0
3724	0
3725	0
3726	0
3727	0
3728	0
3729	0
3730	0
3731	0
3732	0
3733	0
3734	0
3735	0
3736	0
3737	0
3738	0
3739	0
3740	0
3741	0
3742	0
3743	0
3744	0
3745	0
3746	0
3747	0
3748	0
3749	0
3750	0
3751	0
3752	0
3753	0
3754	0
3755	0
3756	0
3757	0
3758	0
3759	0
3760	0
3761	0
3762	0
3763	0
3764	0
3765	0
3766	0
3767	0
3768	0
3769	0
3770	0
3771	0
3772	0
3773	0
3774	0
3775	0
3776	0
3777	0
3778	0
3779	0
3780	0
3781	0
3782	0
3783	0
3784	0
3785	0
3786	0
3787	0
3788	0
3789	0
3790	0
3791	0
3792	0
3793	0
3794	0
3795	0
3796	0
3797	0
3798	0
3799	0
3800	0
3801	0
3802	0
3803	0
3804	0
3805	0
3806	0
3807	0
3808	0
3809	0
3810	0
3811	0
3812	0
3813	0
3814	0
3815	0
3816	0
3817	0
3818	0
3819	0
3820	0
3821	0
3822	0
3823	0
3824	0
3825	0
3826	0
3827	0
3828	0
3829	0
3830	0
3831	0
3832	0
3833	0
3834	0
3835	0
3836	0
3837	0
3838	0
3839	0
3840	0
3841	0
3842	0
3843	0
3844	0
3845	0
3846	0
3847	0
3848	0
3849	0
3850	0
3851	0
3852	0
3853	0
3854	0
3855	0
3856	0
3857	0
3858	0
3859	0
3860	0
3861	0
3862	0
3863	0
3864	0
3865	0
3866	0
3867	0
3868	0
3869	0
3870	0
3871	0
3872	0
3873	0
3874	0
3875	0
3876	0
3877	0
3878	0
3879	0
3880	0
3881	0
3882	0
3883	0
3884	0
3885	0
3886	0
3887	0
3888	0
3889	0
3890	0
3891	0
3892	0
3893	0
3894	0
3895	0
3896	0
3897	0
3898	0
3899	0
3900	0
3901	0
3902	0
3903	0
3904	0
3905	0
3906	0
3907	0
3908	0
3909	0
3910	0
3911	0
3912	0
3913	0
3914	0
3915	0
3916	0
3917	0
3918	0
3919	0
3920	0
3921	0
3922	0
3923	0
3924	0
3925	0
3926	0
3927	0
3928	0
3929	0
3930	0
3931	0
3932	0
3933	0
3934	0
3935	0
3936	0
3937	0
3938	0
3939	0
3940	0
3941	0
3942	0
3943	0
3944	0
3945	0
3946	0
3947	0
3948	0
3949	0
3950	0
3951	0
3952	0
3953	0
3954	0
3955	0
3956	0
3957	0
3958	0
3959	0
3960	0
3961	0
3962	0
3963	0
3964	0
3965	0
3966	0
3967	0
3968	0
3969	0
3970	0
3971	0
3972	0
3973	0
3974	0
3975	0
3976	0
3977	0
3978	0
3979	0
3980	0
3981	0
3982	0
3983	0
3984	0
3985	0
3986	0
3987	0
3988	0
3989	0
3990	0
3991	0
3992	0
3993	0
3994	0
3995	0
3996	0
3997	0
3998	0
3999	0
4000	0
4001	0
4002	0
4003	0
4004	0
4005	0
4006	0
4007	0
4008	0
4009	0
4010	0
4011	0
4012	0
4013	0
4014	0
4015	0
4016	0
4017	0
4018	0
4019	0
4020	0
4021	0
4022	0
4023	0
4024	0
4025	0
4026	0
4027	0
4028	0
4029	0
4030	0
4031	0
4032	0
4033	0
4034	0
4035	0
4036	0
4037	0
4038	0
4039	0
4040	0
4041	0
4042	0
4043	0
4044	0
4045	0
4046	0
4047	0
4048	0
4049	0
4050	0
4051	0
4052	0
4053	0
4054	0
4055	0
4056	0
4057	0
4058	0
4059	0
4060	0
4061	0
4062	0
4063	0
4064	0
4065	0
4066	0
4067	0
4068	0
4069	0
4070	0
4071	0
4072	0
4073	0
4074	0
4075	0
4076	0
4077	0
4078	0
4079	0
4080	0
4081	0
4082	0
4083	0
4084	0
4085	0
4086	0
4087	0
4088	0
4089	0
4090	0
4091	0
4092	0
4093	0
4094	0
4095	0
4096	0
4097	0
4098	0
4099	0
4100	0
4101	0
4102	0
4103	0
4104	0
4105	0
4106	0
4107	0
4108	0
4109	0
4110	0
4111	0
4112	0
4113	0
4114	0
4115	0
4116	0
4117	0
4118	0
4119	0
4120	0
4121	0
4122	0
4123	0
4124	0
4125	0
4126	0
4127	0
4128	0
4129	0
4130	0
4131	0
4132	0
4133	0
4134	0
4135	0
4136	0
4137	0
4138	0
4139	0
4140	0
4141	0
4142	0
4143	0
4144	0
4145	0
4146	0
4147	0
4148	0
4149	0
4150	0
4151	0
4152	0
4153	0
4154	0
4155	0
4156	0
4157	0
4158	0
4159	0
4160	0
4161	0
4162	0
4163	0
4164	0
4165	0
4166	0
4167	0
4168	0
4169	0
4170	0
4171	0
4172	0
4173	0
4174	0
4175	0
4176	0
4177	0
4178	0
4179	0
4180	0
4181	0
4182	0
4183	0
4184	0
4185	0
4186	0
4187	0
4188	0
4189	0
4190	0
4191	0
4192	0
4193	0
4194	0
4195	0
4196	0
4197	0
4198	0
4199	0
4200	0
4201	0
4202	0
4203	0
4204	0
4205	0
4206	0
4207	0
4208	0
4209	0
4210	0
4211	0
4212	0
4213	0
4214	0
4215	0
4216	0
4217	0
4218	0
4219	0
4220	0
4221	0
4222	0
4223	0
4224	0
4225	0
4226	0
4227	0
4228	0
4229	0
4230	0
4231	0
4232	0
4233	0
4234	0
4235	0
4236	0
4237	0
4238	0
4239	0
4240	0
4241	0
4242	0
4243	0
4244	0
4245	0
4246	0
4247	0
4248	0
4249	0
4250	0
4251	0
4252	0
4253	0
4254	0
4255	0
4256	0
4257	0
4258	0
4259	0
4260	0
4261	0
4262	0
4263	0
4264	0
4265	0
4266	0
4267	0
4268	0
4269	0
4270	0
4271	0
4272	0
4273	0
4274	0
4275	0
4276	0
4277	0
4278	0
4279	0
4280	0
4281	0
4282	0
4283	0
4284	0
4285	0
4286	0
4287	0
4288	0
4289	0
4290	0
4291	0
4292	0
4293	0
4294	0
4295	0
4296	0
4297	0
4298	0
4299	0
4300	0
4301	0
4302	0
4303	0
4304	0
4305	0
4306	0
4307	0
4308	0
4309	0
4310	0
4311	0
4312	0
4313	0
4314	0
4315	0
4316	0
4317	0
4318	0
4319	0
4320	0
4321	0
4322	0
4323	0
4324	0
4325	0
4326	0
4327	0
4328	0
4329	0
4330	0
4331	0
4332	0
4333	0
4334	0
4335	0
4336	0
4337	0
4338	0
4339	0
4340	0
4341	0
4342	0
4343	0
4344	0
4345	0
4346	0
4347	0
4348	0
4349	0
4350	0
4351	0
4352	0
4353	0
4354	0
4355	0
4356	0
4357	0
4358	0
4359	0
4360	0
4361	0
4362	0
4363	0
4364	0
4365	0
4366	0
4367	0
4368	0
4369	0
4370	0
4371	0
4372	0
4373	0
4374	0
4375	0
4376	0
4377	0
4378	0
4379	0
4380	0
4381	0
4382	0
4383	0
4384	0
4385	0
4386	0
4387	0
4388	0
4389	0
4390	0
4391	0
4392	0
4393	0
4394	0
4395	0
4396	0
4397	0
4398	0
4399	0
4400	0
4401	0
4402	0
4403	0
4404	0
4405	0
4406	0
4407	0
4408	0
4409	0
4410	0
4411	0
4412	0
4413	0
4414	0
4415	0
4416	0
4417	0
4418	0
4419	0
4420	0
4421	0
4422	0
4423	0
4424	0
4425	0
4426	0
4427	0
4428	0
4429	0
4430	0
4431	0
4432	0
4433	0
4434	0
4435	0
4436	0
4437	0
4438	0
4439	0
4440	0
4441	0
4442	0
4443	0
4444	0
4445	0
4446	0
4447	0
4448	0
4449	0
4450	0
4451	0
4452	0
4453	0
4454	0
4455	0
4456	0
4457	0
4458	0
4459	0
4460	0
4461	0
4462	0
4463	0
4464	0
4465	0
4466	0
4467	0
4468	0
4469	0
4470	0
4471	0
4472	0
4473	0
4474	0
4475	0
4476	0
4477	0
4478	0
4479	0
4480	0
4481	0
4482	0
4483	0
4484	0
4485	0
4486	0
4487	0
4488	0
4489	0
4490	0
4491	0
4492	0
4493	0
4494	0
4495	0
4496	0
4497	0
4498	0
4499	0
4500	0
4501	0
4502	0
4503	0
4504	0
4505	0
4506	0
4507	0
4508	0
4509	0
4510	0
4511	0
4512	0
4513	0
4514	0
4515	0
4516	0
4517	0
4518	0
4519	0
4520	0
4521	0
4522	0
4523	0
4524	0
4525	0
4526	0
4527	0
4528	0
4529	0
4530	0
4531	0
4532	0
4533	0
4534	0
4535	0
4536	0
4537	0
4538	0
4539	0
4540	0
4541	0
4542	0
4543	0
4544	0
4545	0
4546	0
4547	0
4548	0
4549	0
4550	0
4551	0
4552	0
4553	0
4554	0
4555	0
4556	0
4557	0
4558	0
4559	0
4560	0
4561	0
4562	0
4563	0
4564	0
4565	0
4566	0
4567	0
4568	0
4569	0
4570	0
4571	0
4572	0
4573	0
4574	0
4575	0
4576	0
4577	0
4578	0
4579	0
4580	0
4581	0
4582	0
4583	0
4584	0
4585	0
4586	0
4587	0
4588	0
4589	0
4590	0
4591	0
4592	0
4593	0
4594	0
4595	0
4596	0
4597	0
4598	0
4599	0
4600	0
4601	0
4602	0
4603	0
4604	0
4605	0
4606	0
4607	0
4608	0
4609	0
4610	0
4611	0
4612	0
4613	0
4614	0
4615	0
4616	0
4617	0
4618	0
4619	0
4620	0
4621	0
4622	0
4623	0
4624	0
4625	0
4626	0
4627	0
4628	0
4629	0
4630	0
4631	0
4632	0
4633	0
4634	0
4635	0
4636	0
4637	0
4638	0
4639	0
4640	0
4641	0
4642	0
4643	0
4644	0
4645	0
4646	0
4647	0
4648	0
4649	0
4650	0
4651	0
4652	0
4653	0
4654	0
4655	0
4656	0
4657	0
4658	0
4659	0
4660	0
4661	0
4662	0
4663	0
4664	0
4665	0
4666	0
4667	0
4668	0
4669	0
4670	0
4671	1
4672	0
4673	0
4674	0
4675	0
4676	0
4677	0
4678	1
4679	1
4680	2
4681	1
4682	0
4683	2
4684	2
4685	1
4686	1
4687	1
4688	1
4689	1
4690	1
4691	1
4692	1
4693	2
4694	2
4695	2
4696	2
4697	2
4698	2
4699	2
4700	2
4701	2
4702	2
4703	3
4704	3
4705	3
4706	3
4707	3
4708	3
4709	3
4710	3
4711	2
4712	3
4713	3
4714	3
4715	4
4716	2
4717	3
4718	3
4719	3
4720	4
4721	4
4722	3
4723	3
4724	3
4725	3
4726	3
4727	4
4728	4
4729	3
4730	4
4731	4
4732	4
4733	4
4734	3
4735	3
4736	3
4737	4
4738	4
4739	4
4740	4
4741	4
4742	4
4743	4
4744	4
4745	4
4746	4
4747	4
4748	4
4749	4
4750	4
4751	4
4752	5
4753	4
4754	4
4755	4
4756	4
4757	4
4758	4
4759	4
4760	4
4761	5
4762	4
4763	5
4764	4
4765	5
4766	5
4767	5
4768	4
4769	4
4770	4
4771	4
4772	5
4773	5
4774	5
4775	4
4776	5
4777	5
4778	5
4779	5
4780	5
4781	5
4782	5
4783	5
4784	5
4785	5
4786	5
4787	5
4788	5
4789	5
4790	5
4791	5
4792	5
4793	5
4794	5
4795	5
4796	5
4797	5
4798	5
4799	5
4800	5
4801	5
4802	5
4803	5
4804	5
4805	5
4806	5
4807	5
4808	5
4809	4
4810	5
4811	5
4812	5
4813	5
4814	5
4815	5
4816	5
4817	5
4818	5
4819	5
4820	5
4821	5
4822	5
4823	5
4824	4
4825	5
4826	5
4827	5
4828	4
4829	4
4830	5
4831	5
4832	5
4833	5
4834	4
4835	5
4836	4
4837	5
4838	5
4839	5
4840	4
4841	5
4842	5
4843	5
4844	5
4845	5
4846	5
4847	5
4848	5
4849	5
4850	5
4851	5
4852	5
4853	5
4854	5
4855	5
4856	5
4857	5
4858	5
4859	6
4860	6
4861	6
4862	6
4863	5
4864	6
4865	6
4866	6
4867	5
4868	5
4869	5
4870	6
4871	6
4872	6
4873	6
4874	6
4875	6
4876	6
4877	6
4878	6
4879	6
4880	6
4881	6
4882	6
4883	6
4884	6
4885	6
4886	6
4887	5
4888	7
4889	7
4890	6
4891	7
4892	6
4893	7
4894	7
4895	6
4896	7
4897	6
4898	6
4899	6
4900	6
4901	6
4902	6
4903	6
4904	6
4905	6
4906	6
4907	6
4908	6
4909	6
4910	6
4911	6
4912	6
4913	7
4914	6
4915	6
4916	7
4917	7
4918	7
4919	7
4920	6
4921	6
4922	6
4923	5
4924	6
4925	6
4926	6
4927	6
4928	6
4929	6
4930	6
4931	5
4932	6
4933	6
4934	6
4935	5
4936	6
4937	6
4938	6
4939	6
4940	6
4941	6
4942	6
4943	6
4944	6
4945	5
4946	6
4947	6
4948	6
4949	6
4950	6
4951	6
4952	5
4953	5
4954	6
4955	6
4956	6
4957	6
4958	6
4959	7
4960	7
4961	6
4962	5
4963	7
4964	6
4965	6
4966	6
4967	6
4968	6
4969	6
4970	6
4971	6
4972	7
4973	7
4974	7
4975	7
4976	7
4977	6
4978	7
4979	6
4980	7
4981	6
4982	8
4983	8
4984	6
4985	6
4986	6
4987	7
4988	5
4989	6
4990	6
4991	6
4992	6
4993	6
4994	6
4995	7
4996	7
4997	7
4998	6
4999	7
5000	7
5001	6
5002	7
5003	8
5004	7
5005	7
5006	8
5007	7
5008	8
5009	7
5010	8
5011	7
5012	7
5013	8
5014	6
5015	7
5016	6
5017	6
5018	6
5019	6
5020	5
5021	7
5022	6
5023	6
5024	7
5025	7
5026	6
5027	7
5028	6
5029	7
5030	7
5031	6
5032	7
5033	7
5034	6
5035	7
5036	6
5037	6
5038	6
5039	7
5040	7
5041	7
5042	6
5043	6
5044	7
5045	6
5046	6
5047	7
5048	6
5049	7
5050	6
5051	7
5052	6
5053	7
5054	7
5055	7
5056	6
5057	7
5058	7
5059	6
5060	6
5061	7
5062	7
5063	7
5064	6
5065	7
5066	6
5067	6
5068	6
5069	7
5070	6
5071	6
5072	6
5073	6
5074	6
5075	7
5076	6
5077	7
5078	6
5079	6
5080	7
5081	6
5082	7
5083	7
5084	7
5085	7
5086	7
5087	7
5088	7
5089	7
5090	7
5091	8
5092	7
5093	8
5094	8
5095	6
5096	7
5097	7
5098	6
5099	6
5100	6
5101	6
5102	7
5103	6
5104	5
5105	6
5106	6
5107	6
5108	7
5109	6
5110	6
5111	6
5112	6
5113	6
5114	7
5115	7
5116	7
5117	7
5118	8
5119	7
5120	7
5121	6
5122	8
5123	8
5124	6
5125	7
5126	6
5127	8
5128	8
5129	7
5130	5
5131	6
5132	6
5133	5
5134	6
5135	6
5136	6
5137	6
5138	6
5139	6
5140	7
5141	7
5142	6
5143	7
5144	6
5145	7
5146	7
5147	6
5148	6
5149	6
5150	7
5151	7
5152	7
5153	6
5154	6
5155	6
5156	6
5157	6
5158	5
5159	7
5160	6
5161	6
5162	6
5163	7
5164	6
5165	6
5166	6
5167	7
5168	6
5169	6
5170	7
5171	7
5172	7
5173	6
5174	6
5175	7
5176	7
5177	6
5178	7
5179	6
5180	7
5181	7
5182	6
5183	6
5184	7
5185	6
5186	6
5187	6
5188	5
5189	7
5190	5
5191	6
5192	6
5193	5
5194	6
5195	6
5196	6
5197	6
5198	7
5199	6
5200	7
5201	7
5202	7
5203	7
5204	8
5205	8
5206	6
5207	7
5208	7
5209	7
5210	8
5211	7
5212	6
5213	6
5214	7
5215	7
5216	6
5217	6
5218	6
5219	5
5220	6
5221	5
5222	6
5223	6
5224	6
5225	6
5226	6
5227	6
5228	7
5229	6
5230	6
5231	6
5232	7
5233	7
5234	6
5235	7
5236	7
5237	6
5238	6
5239	6
5240	8
5241	6
5242	6
5243	7
5244	7
5245	7
5246	6
5247	7
5248	7
5249	7
5250	8
5251	6
5252	6
5253	6
5254	7
5255	6
5256	7
5257	7
5258	6
5259	7
5260	7
5261	8
5262	7
5263	7
5264	7
5265	7
5266	7
5267	7
5268	7
5269	7
5270	6
5271	7
5272	6
5273	7
5274	7
5275	7
5276	6
5277	5
5278	7
5279	6
5280	6
5281	6
5282	6
5283	6
5284	6
5285	7
5286	7
5287	8
5288	7
5289	6
5290	8
5291	8
5292	7
5293	7
5294	8
5295	7
5296	8
5297	8
5298	7
5299	7
5300	6
5301	7
5302	7
5303	6
5304	6
5305	7
5306	7
5307	7
5308	6
5309	7
5310	7
5311	5
5312	6
5313	6
5314	8
5315	6
5316	6
5317	8
5318	7
5319	6
5320	7
5321	6
5322	7
5323	5
5324	7
5325	6
5326	6
5327	6
5328	6
5329	6
5330	7
5331	6
5332	7
5333	7
5334	7
5335	5
5336	7
5337	5
5338	6
5339	5
5340	6
5341	5
5342	6
5343	6
5344	6
5345	6
5346	5
5347	5
5348	5
5349	5
5350	5
5351	5
5352	5
5353	6
5354	7
5355	6
5356	6
5357	6
5358	7
5359	7
5360	6
5361	7
5362	7
5363	5
5364	6
5365	6
5366	6
5367	6
5368	6
5369	7
5370	6
5371	6
5372	7
5373	7
5374	7
5375	7
5376	7
5377	6
5378	8
5379	8
5380	8
5381	8
5382	8
5383	8
5384	8
5385	7
5386	7
5387	8
5388	8
5389	7
5390	7
5391	7
5392	6
5393	6
5394	6
5395	6
5396	7
5397	7
5398	5
5399	6
5400	7
5401	5
5402	6
5403	5
5404	6
5405	6
5406	6
5407	6
5408	6
5409	6
5410	6
5411	6
5412	6
5413	8
5414	7
5415	7
5416	6
5417	6
5418	7
5419	5
5420	6
5421	7
5422	5
5423	5
5424	5
5425	5
5426	5
5427	6
5428	6
5429	5
5430	5
5431	6
5432	6
5433	5
5434	5
5435	5
5436	6
5437	6
5438	6
5439	6
5440	6
5441	7
5442	7
5443	7
5444	6
5445	6
5446	7
5447	7
5448	6
5449	7
5450	6
5451	6
5452	6
5453	6
5454	6
5455	6
5456	5
5457	5
5458	5
5459	7
5460	7
5461	7
5462	7
5463	6
5464	6
5465	7
5466	6
5467	6
5468	6
5469	7
5470	7
5471	7
5472	6
5473	6
5474	7
5475	7
5476	7
5477	7
5478	6
5479	6
5480	6
5481	6
5482	6
5483	6
5484	6
5485	5
5486	7
5487	6
5488	6
5489	6
5490	6
5491	7
5492	6
5493	8
5494	8
5495	8
5496	8
5497	8
5498	7
5499	8
5500	8
5501	9
5502	7
5503	8
5504	7
5505	7
5506	8
5507	7
5508	7
5509	7
5510	7
5511	7
5512	6
5513	6
5514	6
5515	6
5516	6
5517	7
5518	7
5519	5
5520	7
5521	7
5522	6
5523	13
5524	9
5525	6
5526	6
5527	6
5528	6
5529	6
5530	6
5531	6
5532	6
5533	6
5534	5
5535	6
5536	5
5537	6
5538	5
5539	5
5540	6
5541	5
5542	6
5543	5
5544	5
5545	5
5546	5
5547	5
5548	5
5549	5
5550	5
5551	5
5552	5
5553	5
5554	6
5555	6
5556	6
5557	7
5558	6
5559	7
5560	5
5561	6
5562	6
5563	5
5564	6
5565	6
5566	6
5567	6
5568	6
5569	7
5570	5
5571	5
5572	6
5573	6
5574	6
5575	6
5576	6
5577	7
5578	7
5579	8
5580	7
5581	7
5582	8
5583	8
5584	8
5585	8
5586	8
5587	8
5588	8
5589	8
5590	8
5591	7
5592	7
5593	7
5594	7
5595	7
5596	7
5597	7
5598	7
5599	6
5600	6
5601	7
5602	6
5603	6
5604	7
5605	5
5606	7
5607	6
5608	7
5609	6
5610	7
5611	6
5612	6
5613	6
5614	7
5615	7
5616	7
5617	7
5618	7
5619	7
5620	7
5621	7
5622	6
5623	7
5624	7
5625	7
5626	6
5627	5
5628	7
5629	6
5630	6
5631	6
5632	6
5633	7
5634	7
5635	7
5636	7
5637	6
5638	7
5639	7
5640	8
5641	7
5642	7
5643	9
5644	7
5645	8
5646	8
5647	8
5648	7
5649	7
5650	7
5651	7
5652	7
5653	7
5654	7
5655	7
5656	6
5657	6
5658	6
5659	6
5660	6
5661	7
5662	7
5663	7
5664	7
5665	7
5666	7
5667	8
5668	7
5669	7
5670	7
5671	8
5672	7
5673	8
5674	7
5675	6
5676	6
5677	7
5678	7
5679	7
5680	7
5681	7
5682	7
5683	7
5684	7
5685	7
5686	7
5687	7
5688	7
5689	6
5690	7
5691	7
5692	7
5693	7
5694	7
5695	8
5696	7
5697	7
5698	7
5699	7
5700	8
5701	7
5702	8
5703	8
5704	8
5705	8
5706	7
5707	8
5708	7
5709	7
5710	8
5711	8
5712	8
5713	8
5714	8
5715	6
5716	6
5717	7
5718	6
5719	7
5720	7
5721	7
5722	7
5723	7
5724	7
5725	7
5726	7
5727	7
5728	7
5729	6
5730	7
5731	6
5732	6
5733	6
5734	6
5735	6
5736	6
5737	6
5738	6
5739	6
5740	6
5741	6
5742	6
5743	6
5744	6
5745	6
5746	6
5747	6
5748	6
5749	6
5750	6
5751	6
5752	6
5753	7
5754	7
5755	7
5756	7
5757	7
5758	7
5759	7
5760	7
5761	7
5762	7
5763	6
5764	7
5765	7
5766	7
5767	7
5768	7
5769	7
5770	7
5771	7
5772	7
5773	7
5774	8
5775	8
5776	8
5777	8
5778	8
5779	8
5780	8
5781	8
5782	8
5783	8
5784	8
5785	8
5786	7
5787	8
5788	7
5789	8
5790	6
5791	7
5792	7
5793	7
5794	7
5795	7
5796	7
5797	7
5798	7
5799	7
5800	7
5801	7
5802	7
5803	7
5804	7
5805	7
5806	6
5807	7
5808	6
5809	7
5810	7
5811	6
5812	6
5813	6
5814	6
5815	6
5816	6
5817	6
5818	7
5819	7
5820	6
5821	7
5822	7
5823	7
5824	7
5825	7
5826	7
5827	7
5828	6
5829	7
5830	7
5831	7
5832	6
5833	6
5834	6
5835	7
5836	7
5837	7
5838	7
5839	7
5840	7
5841	7
5842	7
5843	7
5844	7
5845	7
5846	7
5847	7
5848	7
5849	7
5850	7
5851	7
5852	7
5853	7
5854	7
5855	7
5856	8
5857	6
5858	7
5859	8
5860	6
5861	6
5862	7
5863	7
5864	7
5865	7
5866	7
5867	7
5868	7
5869	7
5870	7
5871	7
5872	7
5873	7
5874	7
5875	7
5876	7
5877	7
5878	8
5879	8
5880	8
5881	8
5882	8
5883	8
5884	8
5885	8
5886	8
5887	8
5888	8
5889	8
5890	7
5891	8
5892	7
5893	7
5894	7
5895	7
5896	7
5897	7
5898	8
5899	7
5900	8
5901	8
5902	7
5903	7
5904	7
5905	7
5906	8
5907	8
5908	8
5909	8
5910	8
5911	8
5912	7
5913	7
5914	7
5915	7
5916	7
5917	7
5918	7
5919	8
5920	7
5921	7
5922	8
5923	8
5924	7
5925	7
5926	7
5927	7
5928	7
5929	8
5930	8
5931	8
5932	8
5933	8
5934	8
5935	8
5936	8
5937	8
5938	9
5939	8
5940	8
5941	8
5942	9
5943	9
5944	9
5945	9
5946	9
5947	9
5948	9
5949	9
5950	9
5951	9
5952	10
5953	10
5954	10
5955	10
5956	10
5957	10
5958	9
5959	10
5960	9
5961	10
5962	8
5963	8
5964	8
5965	8
5966	8
5967	9
5968	9
5969	9
5970	9
5971	9
5972	9
5973	10
5974	10
5975	10
5976	10
5977	10
5978	9
5979	10
5980	10
5981	10
5982	10
5983	10
5984	10
5985	9
5986	9
5987	9
5988	10
5989	10
5990	9
5991	9
5992	9
5993	9
5994	9
5995	9
5996	10
5997	10
5998	10
5999	10
6000	9
6001	9
6002	9
6003	9
6004	9
6005	8
6006	9
6007	9
6008	9
6009	9
6010	9
6011	9
6012	9
6013	9
6014	9
6015	9
6016	9
6017	9
6018	9
6019	10
6020	9
6021	8
6022	9
6023	8
6024	9
6025	9
6026	9
6027	9
6028	9
6029	10
6030	9
6031	10
6032	10
6033	10
6034	10
6035	10
6036	10
6037	10
6038	10
6039	10
6040	10
6041	9
6042	9
6043	8
6044	9
6045	9
6046	9
6047	9
6048	9
6049	9
6050	9
6051	9
6052	10
6053	10
6054	10
6055	10
6056	9
6057	9
6058	9
6059	9
6060	9
6061	9
6062	9
6063	9
6064	9
6065	9
6066	9
6067	10
6068	9
6069	10
6070	10
6071	10
6072	10
6073	10
6074	10
6075	10
6076	10
6077	10
6078	10
6079	10
6080	9
6081	9
6082	9
6083	9
6084	9
6085	9
6086	10
6087	9
6088	9
6089	9
6090	9
6091	9
6092	9
6093	10
6094	9
6095	11
6096	10
6097	10
6098	10
6099	10
6100	10
6101	10
6102	10
6103	10
6104	10
6105	8
6106	9
6107	9
6108	9
6109	9
6110	9
6111	9
6112	9
6113	9
6114	9
6115	9
6116	9
6117	9
6118	9
6119	9
6120	10
6121	9
6122	8
6123	8
6124	8
6125	8
6126	8
6127	8
6128	9
6129	9
6130	8
6131	9
6132	9
6133	9
6134	9
6135	9
6136	9
6137	9
6138	9
6139	9
6140	9
6141	9
6142	10
6143	10
6144	10
6145	10
6146	9
6147	9
6148	9
6149	9
6150	9
6151	9
6152	9
6153	9
6154	9
6155	10
6156	10
6157	10
6158	10
6159	10
6160	9
6161	11
6162	10
6163	10
6164	10
6165	10
6166	10
6167	10
6168	10
6169	10
6170	10
6171	10
6172	8
6173	9
6174	9
6175	10
6176	8
6177	8
6178	8
6179	8
6180	8
6181	8
6182	8
6183	9
6184	8
6185	8
6186	9
6187	9
6188	9
6189	9
6190	9
6191	9
6192	9
6193	8
6194	8
6195	8
6196	8
6197	8
6198	8
6199	8
6200	9
6201	8
6202	10
6203	9
6204	10
6205	10
6206	10
6207	9
6208	11
6209	10
6210	10
6211	10
6212	10
6213	10
6214	10
6215	10
6216	10
6217	9
6218	9
6219	9
6220	9
6221	9
6222	9
6223	8
6224	10
6225	9
6226	9
6227	10
6228	8
6229	9
6230	8
6231	8
6232	8
6233	8
6234	8
6235	8
6236	6
6237	7
6238	7
6239	7
6240	7
6241	7
6242	7
6243	7
6244	7
6245	7
6246	7
6247	10
6248	10
6249	10
6250	9
6251	9
6252	10
6253	10
6254	9
6255	9
6256	9
6257	9
6258	9
6259	9
6260	8
6261	8
6262	8
6263	8
6264	9
6265	8
6266	9
6267	9
6268	9
6269	9
6270	9
6271	9
6272	8
6273	9
6274	8
6275	8
6276	8
6277	8
6278	8
6279	8
6280	8
6281	7
6282	6
6283	7
6284	7
6285	7
6286	7
6287	7
6288	7
6289	8
6290	8
6291	8
6292	8
6293	9
6294	8
6295	9
6296	8
6297	8
6298	8
6299	8
6300	8
6301	8
6302	8
6303	8
6304	8
6305	8
6306	8
6307	9
6308	9
6309	9
6310	9
6311	9
6312	9
6313	9
6314	11
6315	11
6316	11
6317	10
6318	10
6319	10
6320	10
6321	10
6322	10
6323	10
6324	8
6325	9
6326	9
6327	8
6328	8
6329	8
6330	8
6331	8
6332	8
6333	9
6334	9
6335	9
6336	9
6337	10
6338	9
6339	9
6340	9
6341	9
6342	9
6343	9
6344	9
6345	8
6346	8
6347	8
6348	9
6349	8
6350	9
6351	9
6352	9
6353	10
6354	10
6355	10
6356	11
6357	10
6358	10
6359	10
6360	10
6361	10
6362	10
6363	10
6364	10
6365	9
6366	9
6367	9
6368	9
6369	9
6370	9
6371	10
6372	10
6373	10
6374	10
6375	10
6376	10
6377	10
6378	10
6379	9
6380	10
6381	10
6382	8
6383	8
6384	9
6385	9
6386	8
6387	9
6388	9
6389	9
6390	9
6391	9
6392	9
6393	9
6394	9
6395	9
6396	9
6397	10
6398	11
6399	10
6400	10
6401	10
6402	10
6403	10
6404	10
6405	10
6406	10
6407	10
6408	10
6409	10
6410	10
6411	10
6412	10
6413	9
6414	10
6415	10
6416	10
6417	10
6418	10
6419	9
6420	9
6421	9
6422	9
6423	9
6424	9
6425	8
6426	9
6427	8
6428	8
6429	9
6430	9
6431	9
6432	9
6433	8
6434	8
6435	8
6436	8
6437	10
6438	10
6439	10
6440	10
6441	10
6442	10
6443	10
6444	10
6445	10
6446	10
6447	10
6448	10
6449	10
6450	10
6451	10
6452	10
6453	10
6454	10
6455	10
6456	10
6457	10
6458	12
6459	11
6460	12
6461	11
6462	11
6463	11
6464	11
6465	11
6466	11
6467	10
6468	10
6469	10
6470	10
6471	10
6472	10
6473	10
6474	10
6475	10
6476	10
6477	11
6478	11
6479	10
6480	11
6481	11
6482	11
6483	11
6484	11
6485	11
6486	11
6487	12
6488	12
6489	12
6490	12
6491	12
6492	13
6493	13
6494	13
6495	13
6496	13
6497	13
6498	13
6499	13
6500	13
6501	13
6502	13
6503	13
6504	13
6505	13
6506	11
6507	11
6508	10
6509	10
6510	11
6511	11
6512	10
6513	10
6514	11
6515	11
6516	11
6517	12
6518	11
6519	11
6520	11
6521	11
6522	11
6523	11
6524	11
6525	12
6526	12
6527	12
6528	12
6529	12
6530	11
6531	12
6532	12
6533	11
6534	11
6535	11
6536	11
6537	11
6538	11
6539	11
6540	11
6541	12
6542	12
6543	11
6544	11
6545	11
6546	11
6547	11
6548	11
6549	11
6550	11
6551	11
6552	11
6553	11
6554	11
6555	12
6556	12
6557	12
6558	12
6559	12
6560	12
6561	12
6562	12
6563	12
6564	12
6565	12
6566	12
6567	12
6568	12
6569	12
6570	13
6571	13
6572	13
6573	13
6574	13
6575	13
6576	13
6577	13
6578	13
6579	13
6580	12
6581	12
6582	12
6583	12
6584	12
6585	12
6586	12
6587	12
6588	12
6589	13
6590	13
6591	13
6592	13
6593	13
6594	13
6595	12
6596	11
6597	12
6598	12
6599	13
6600	13
6601	13
6602	13
6603	13
6604	13
6605	13
6606	13
6607	13
6608	13
6609	13
6610	13
6611	13
6612	13
6613	12
6614	12
6615	12
6616	13
6617	12
6618	13
6619	12
6620	13
6621	12
6622	12
6623	12
6624	12
6625	12
6626	12
6627	12
6628	12
6629	12
6630	13
6631	12
6632	12
6633	12
6634	12
6635	14
6636	14
6637	14
6638	14
6639	14
6640	14
6641	14
6642	12
6643	12
6644	12
6645	12
6646	12
6647	12
6648	12
6649	13
6650	13
6651	13
6652	13
6653	13
6654	13
6655	13
6656	13
6657	13
6658	14
6659	14
6660	13
6661	13
6662	13
6663	13
6664	13
6665	13
6666	13
6667	13
6668	13
6669	13
6670	13
6671	13
6672	13
6673	13
6674	13
6675	13
6676	13
6677	13
6678	13
6679	14
6680	15
6681	15
6682	15
6683	15
6684	12
6685	11
6686	11
6687	11
6688	11
6689	11
6690	12
6691	12
6692	13
6693	14
6694	14
6695	14
6696	14
6697	14
6698	14
6699	14
6700	14
6701	12
6702	12
6703	12
6704	12
6705	12
6706	12
6707	13
6708	13
6709	13
6710	13
6711	12
6712	13
6713	12
6714	11
6715	12
6716	12
6717	12
6718	12
6719	12
6720	12
6721	12
6722	12
6723	12
6724	14
6725	14
6726	14
6727	14
6728	14
6729	14
6730	14
6731	12
6732	11
6733	10
6734	12
6735	12
6736	12
6737	12
6738	13
6739	13
6740	13
6741	13
6742	14
6743	14
6744	12
6745	12
6746	11
6747	11
6748	11
6749	11
6750	11
6751	12
6752	12
6753	12
6754	12
6755	12
6756	12
6757	13
6758	13
6759	12
6760	13
6761	13
6762	13
6763	13
6764	13
6765	13
6766	13
6767	13
6768	13
6769	13
6770	13
6771	13
6772	13
6773	13
6774	12
6775	12
6776	12
6777	12
6778	11
6779	11
6780	11
6781	12
6782	11
6783	12
6784	13
6785	12
6786	12
6787	12
6788	12
6789	12
6790	12
6791	12
6792	10
6793	12
6794	12
6795	13
6796	12
6797	12
6798	11
6799	11
6800	13
6801	13
6802	13
6803	13
6804	13
6805	13
6806	13
6807	13
6808	13
6809	13
6810	12
6811	12
6812	12
6813	12
6814	11
6815	10
6816	11
6817	10
6818	10
6819	11
6820	11
6821	11
6822	11
6823	11
6824	11
6825	11
6826	11
6827	11
6828	11
6829	11
6830	11
6831	11
6832	11
6833	13
6834	12
6835	12
6836	12
6837	12
6838	12
6839	12
6840	13
6841	13
6842	13
6843	13
6844	13
6845	12
6846	11
6847	10
6848	10
6849	10
6850	10
6851	10
6852	10
6853	10
6854	10
6855	10
6856	10
6857	12
6858	12
6859	12
6860	12
6861	12
6862	12
6863	11
6864	11
6865	11
6866	11
6867	11
6868	11
6869	11
6870	11
6871	11
6872	16
6873	14
6874	14
6875	14
6876	14
6877	14
6878	14
6879	14
6880	14
6881	13
6882	13
6883	13
6884	13
6885	12
6886	13
6887	13
6888	13
6889	13
6890	13
6891	13
6892	13
6893	11
6894	11
6895	11
6896	11
6897	11
6898	11
6899	13
6900	14
6901	14
6902	14
6903	14
6904	14
6905	14
6906	14
6907	14
6908	12
6909	12
6910	12
6911	12
6912	12
6913	12
6914	12
6915	12
6916	12
6917	12
6918	12
6919	12
6920	12
6921	12
6922	12
6923	12
6924	10
6925	11
6926	11
6927	11
6928	13
6929	13
6930	13
6931	13
6932	13
6933	13
6934	13
6935	13
6936	12
6937	12
6938	12
6939	12
6940	12
6941	12
6942	12
6943	12
6944	12
6945	15
6946	14
6947	14
6948	13
6949	13
6950	13
6951	13
6952	13
6953	13
6954	12
6955	12
6956	13
6957	11
6958	12
6959	13
6960	13
6961	13
6962	13
6963	13
6964	13
6965	13
6966	13
6967	12
6968	12
6969	12
6970	12
6971	12
6972	12
6973	12
6974	15
6975	15
6976	16
6977	15
6978	15
6979	15
6980	15
6981	14
6982	14
6983	14
6984	14
6985	14
6986	14
6987	14
6988	14
6989	13
6990	13
6991	13
6992	13
6993	13
6994	12
6995	12
6996	12
6997	13
6998	13
6999	13
7000	13
7001	13
7002	13
7003	13
7004	13
7005	13
7006	13
7007	13
7008	13
7009	13
7010	13
7011	13
7012	13
7013	13
7014	13
7015	12
7016	12
7017	12
7018	12
7019	12
7020	12
7021	12
7022	12
7023	12
7024	12
7025	12
7026	11
7027	12
7028	12
7029	12
7030	12
7031	12
7032	12
7033	12
7034	11
7035	11
7036	11
7037	11
7038	11
7039	11
7040	13
7041	12
7042	12
7043	12
7044	12
7045	12
7046	12
7047	13
7048	12
7049	13
7050	13
7051	13
7052	13
7053	13
7054	13
7055	13
7056	13
7057	13
7058	13
7059	13
7060	13
7061	12
7062	12
7063	12
7064	12
7065	12
7066	12
7067	12
7068	12
7069	12
7070	12
7071	12
7072	12
7073	12
7074	12
7075	12
7076	12
7077	12
7078	12
7079	13
7080	13
7081	13
7082	13
7083	13
7084	14
7085	13
7086	13
7087	14
7088	13
7089	13
7090	12
7091	12
7092	12
7093	12
7094	12
7095	12
7096	12
7097	12
7098	12
7099	12
7100	12
7101	12
7102	12
7103	12
7104	12
7105	12
7106	12
7107	12
7108	12
7109	12
7110	12
7111	12
7112	12
7113	12
7114	12
7115	12
7116	12
7117	12
7118	12
7119	12
7120	12
7121	12
7122	11
7123	12
7124	12
7125	12
7126	13
7127	13
7128	13
7129	13
7130	13
7131	13
7132	13
7133	13
7134	13
7135	13
7136	13
7137	12
7138	12
7139	12
7140	12
7141	12
7142	12
7143	12
7144	12
7145	12
7146	12
7147	12
7148	12
7149	13
7150	13
7151	12
7152	13
7153	13
7154	13
7155	13
7156	13
7157	13
7158	13
7159	13
7160	13
7161	13
7162	13
7163	13
7164	13
7165	13
7166	13
7167	13
7168	12
7169	12
7170	12
7171	12
7172	12
7173	12
7174	12
7175	12
7176	12
7177	12
7178	12
7179	13
7180	12
7181	12
7182	12
7183	12
7184	12
7185	12
7186	12
7187	12
7188	12
7189	14
7190	13
7191	13
7192	13
7193	13
7194	13
7195	13
7196	13
7197	13
7198	12
7199	12
7200	12
7201	12
7202	12
7203	12
7204	12
7205	12
7206	12
7207	12
7208	12
7209	12
7210	12
7211	13
7212	12
7213	12
7214	12
7215	12
7216	12
7217	12
7218	12
7219	12
7220	13
7221	13
7222	13
7223	13
7224	13
7225	13
7226	13
7227	13
7228	13
7229	13
7230	13
7231	13
7232	13
7233	13
7234	13
7235	13
7236	13
7237	13
7238	13
7239	13
7240	13
7241	13
7242	12
7243	13
7244	12
7245	13
7246	13
7247	13
7248	14
7249	13
7250	13
7251	13
7252	13
7253	13
7254	13
7255	13
7256	13
7257	13
7258	12
7259	11
7260	12
7261	13
7262	13
7263	13
7264	13
7265	13
7266	13
7267	13
7268	13
7269	13
7270	13
7271	13
7272	12
7273	12
7274	12
7275	12
7276	11
7277	12
7278	11
7279	12
7280	14
7281	13
7282	13
7283	13
7284	13
7285	12
7286	12
7287	12
7288	12
7289	12
7290	12
7291	12
7292	11
7293	12
7294	12
7295	12
7296	12
7297	12
7298	12
7299	12
7300	12
7301	12
7302	127303	1
2
7304	12
7305	12
7306	12
7307	12
7308	12
7309	12
7310	12
7311	12
7312	12
7313	12
7314	13
7315	13
7316	13
7317	13
7318	13
7319	13
7320	14
7321	13
7322	13
7323	13
7324	13
7325	13
7326	13
7327	13
7328	13
7329	12
7330	12
7331	12
7332	12
7333	12
7334	12
7335	12
7336	12
7337	12
7338	12
7339	12
7340	12
7341	11
7342	11
7343	11
7344	11
7345	11
7346	12
7347	12
7348	14
7349	13
7350	14
7351	14
7352	16
7353	14
7354	13
7355	13
7356	13
7357	13
7358	13
7359	13
7360	13
7361	13
7362	13
7363	13
7364	13
7365	13
7366	13
7367	13
7368	13
7369	13
7370	13
7371	13
7372	13
7373	13
7374	10
7375	10
7376	10
7377	10
7378	10
7379	10
7380	10
7381	10
7382	14
7383	13
7384	13
7385	13
7386	13
7387	13
7388	13
7389	12
7390	11
7391	12
7392	12
7393	12
7394	12
7395	12
7396	12
7397	12
7398	12
7399	12
7400	12
7401	12
7402	12
7403	12
7404	9
7405	9
7406	9
7407	9
7408	9
7409	9
7410	9
7411	9
7412	11
7413	11
7414	11
7415	11
7416	11
7417	11
7418	11
7419	11
7420	11
7421	11
7422	11
7423	10
7424	11
7425	12
7426	13
7427	13
7428	13
7429	13
7430	13
7431	13
7432	13
7433	13
7434	13
7435	12
7436	12
7437	12
7438	12
7439	12
7440	12
7441	12
7442	12
7443	11
7444	12
7445	12
7446	13
7447	12
7448	13
7449	13
7450	13
7451	13
7452	13
7453	13
7454	12
7455	12
7456	12
7457	13
7458	13
7459	13
7460	13
7461	13
7462	13
7463	13
7464	13
7465	13
7466	13
7467	13
7468	13
7469	13
7470	13
7471	13
7472	13
7473	13
7474	13
7475	13
7476	13
7477	13
7478	13
7479	13
7480	13
7481	13
7482	13
7483	13
7484	12
7485	12
7486	12
7487	12
7488	12
7489	12
7490	12
7491	14
7492	14
7493	13
7494	13
7495	13
7496	13
7497	13
7498	13
7499	13
7500	13
7501	13
7502	13
7503	13
7504	13
7505	13
7506	13
7507	12
7508	12
7509	12
7510	11
7511	11
7512	11
7513	11
7514	11
7515	11
7516	11
7517	11
7518	11
7519	11
7520	11
7521	11
7522	11
7523	11
7524	13
7525	12
7526	12
7527	12
7528	12
7529	12
7530	12
7531	12
7532	12
7533	12
7534	12
7535	12
7536	12
7537	12
7538	12
7539	12
7540	12
7541	12
7542	12
7543	12
7544	12
7545	12
7546	12
7547	11
7548	11
7549	11
7550	11
7551	11
7552	10
7553	11
7554	11
7555	12
7556	12
7557	12
7558	12
7559	12
7560	12
7561	12
7562	12
7563	12
7564	12
7565	12
7566	11
7567	11
7568	11
7569	11
7570	11
7571	11
7572	11
7573	11
7574	11
7575	11
7576	11
7577	11
7578	11
7579	11
7580	11
7581	11
7582	11
7583	11
7584	11
7585	11
7586	12
7587	11
7588	10
7589	10
7590	11
7591	10
7592	10
7593	10
7594	10
7595	10
7596	10
7597	10
7598	10
7599	10
7600	10
7601	10
7602	10
7603	10
7604	11
7605	11
7606	11
7607	11
7608	11
7609	11
7610	11
7611	11
7612	11
7613	11
7614	11
7615	11
7616	11
7617	11
7618	12
7619	12
7620	12
7621	12
7622	12
7623	12
7624	12
7625	12
7626	12
7627	12
7628	12
7629	12
7630	12
7631	12
7632	12
7633	10
7634	10
7635	10
7636	10
7637	10
7638	10
7639	11
7640	11
7641	11
7642	11
7643	11
7644	11
7645	11
7646	11
7647	11
7648	11
7649	11
7650	11
7651	11
7652	11
7653	11
7654	11
7655	11
7656	13
7657	12
7658	12
7659	13
7660	13
7661	13
7662	13
7663	13
7664	13
7665	13
7666	13
7667	13
7668	11
7669	11
7670	11
7671	13
7672	13
7673	13
7674	13
7675	13
7676	13
7677	12
7678	11
7679	10
7680	12
7681	12
7682	12
7683	12
7684	12
7685	12
7686	12
7687	13
7688	12
7689	13
7690	12
7691	12
7692	12
7693	13
7694	13
7695	13
7696	13
7697	13
7698	13
7699	13
7700	13
7701	13
7702	13
7703	13
7704	13
7705	13
7706	12
7707	12
7708	12
7709	12
7710	11
7711	11
7712	12
7713	11
7714	12
7715	12
7716	12
7717	12
7718	12
7719	12
7720	12
7721	12
7722	13
7723	13
7724	13
7725	13
7726	13
7727	13
7728	12
7729	12
7730	12
7731	12
7732	12
7733	13
7734	13
7735	13
7736	13
7737	13
7738	13
7739	13
7740	13
7741	12
7742	12
7743	12
7744	12
7745	12
7746	12
7747	12
7748	13
7749	13
7750	13
7751	13
7752	13
7753	13
7754	13
7755	13
7756	13
7757	13
7758	13
7759	13
7760	13
7761	13
7762	13
7763	13
7764	13
7765	13
7766	14
7767	14
7768	13
7769	13
7770	13
7771	13
7772	13
7773	13
7774	13
7775	13
7776	13
7777	11
7778	12
7779	13
7780	14
7781	13
7782	13
7783	13
7784	13
7785	13
7786	13
7787	13
7788	13
7789	13
7790	13
7791	13
7792	13
7793	13
7794	13
7795	13
7796	13
7797	13
7798	13
7799	13
7800	13
7801	13
7802	13
7803	13
7804	13
7805	13
7806	13
7807	13
7808	13
7809	12
7810	14
7811	14
7812	13
7813	13
7814	13
7815	12
7816	12
7817	11
7818	12
7819	11
7820	11
7821	12
7822	12
7823	12
7824	12
7825	12
7826	12
7827	12
7828	13
7829	14
7830	13
7831	13
7832	12
7833	11
7834	12
7835	12
7836	12
7837	12
7838	12
7839	13
7840	15
7841	13
7842	13
7843	13
7844	13
7845	13
7846	13
7847	13
7848	14
7849	14
7850	14
7851	14
7852	14
7853	14
7854	14
7855	14
7856	14
7857	14
7858	13
7859	13
7860	12
7861	12
7862	12
7863	12
7864	12
7865	13
7866	12
7867	12
7868	12
7869	12
7870	14
7871	13
7872	13
7873	13
7874	13
7875	13
7876	13
7877	13
7878	13
7879	13
7880	13
7881	13
7882	13
7883	13
7884	13
7885	13
7886	13
7887	13
7888	13
7889	13
7890	13
7891	13
7892	13
7893	13
7894	13
7895	13
7896	13
7897	13
7898	13
7899	13
7900	13
7901	13
7902	13
7903	13
7904	13
7905	13
7906	13
7907	13
7908	13
7909	13
7910	13
7911	15
7912	13
7913	14
7914	14
7915	14
7916	14
7917	14
7918	14
7919	14
7920	14
7921	14
7922	14
7923	13
7924	11
7925	11
7926	11
7927	11
7928	11
7929	11
7930	11
7931	11
7932	11
7933	11
7934	11
7935	11
7936	13
7937	13
7938	13
7939	13
7940	13
7941	13
7942	13
7943	13
7944	13
7945	13
7946	13
7947	13
7948	13
7949	13
7950	13
7951	13
7952	13
7953	13
7954	13
7955	13
7956	13
7957	14
7958	14
7959	14
7960	14
7961	14
7962	14
7963	14
7964	14
7965	15
7966	15
7967	15
7968	15
7969	15
7970	15
7971	15
7972	16
7973	16
7974	15
7975	16
7976	15
7977	15
7978	15
7979	18
7980	18
7981	16
7982	16
7983	16
7984	16
7985	16
7986	16
7987	16
7988	14
7989	14
7990	14
7991	14
7992	15
7993	15
7994	15
7995	15
7996	15
7997	15
7998	15
7999	15
8000	15
8001	15
8002	15
8003	15
8004	15
8005	15
8006	15
8007	15
8008	15
8009	16
8010	16
8011	15
8012	14
8013	14
8014	15
8015	15
8016	16
8017	16
8018	17
8019	16
8020	16
8021	16
8022	16
8023	16
8024	16
8025	16
8026	16
8027	16
8028	16
8029	16
8030	16
8031	16
8032	18
8033	17
8034	17
8035	16
8036	16
8037	16
8038	16
8039	16
8040	16
8041	16
8042	16
8043	16
8044	16
8045	14
8046	14
8047	14
8048	14
8049	14
8050	14
8051	14
8052	14
8053	14
8054	14
8055	14
8056	15
8057	15
8058	15
8059	15
8060	15
8061	15
8062	15
8063	15
8064	15
8065	15
8066	15
8067	15
8068	15
8069	15
8070	15
8071	15
8072	12
8073	12
8074	11
8075	12
8076	11
8077	11
8078	11
8079	12
8080	11
8081	11
8082	11
8083	11
8084	12
8085	11
8086	12
8087	12
8088	12
8089	12
8090	12
8091	12
8092	12
8093	12
8094	12
8095	13
8096	13
8097	13
8098	13
8099	13
8100	13
8101	13
8102	13
8103	13
8104	13
8105	13
8106	12
8107	13
8108	13
8109	13
8110	13
8111	13
8112	13
8113	13
8114	13
8115	13
8116	13
8117	13
8118	13
8119	13
8120	13
8121	13
8122	13
8123	13
8124	13
8125	13
8126	13
8127	14
8128	14
8129	14
8130	14
8131	14
8132	14
8133	14
8134	13
8135	13
8136	13
8137	13
8138	13
8139	13
8140	13
8141	13
8142	13
8143	13
8144	13
8145	13
8146	13
8147	13
8148	13
8149	13
8150	13
8151	13
8152	13
8153	12
8154	12
8155	12
8156	13
8157	12
8158	12
8159	12
8160	12
8161	12
8162	12
8163	12
8164	12
8165	13
8166	13
8167	13
8168	13
8169	13
8170	13
8171	13
8172	13
8173	13
8174	13
8175	13
8176	13
8177	12
8178	12
8179	12
8180	12
8181	13
8182	13
8183	13
8184	13
8185	13
8186	13
8187	13
8188	13
8189	13
8190	13
8191	13
8192	13
8193	13
8194	13
8195	13
8196	13
8197	13
8198	13
8199	13
8200	13
8201	13
8202	13
8203	13
8204	15
8205	15
8206	15
8207	14
8208	14
8209	14
8210	14
8211	14
8212	14
8213	14
8214	14
8215	14
8216	14
8217	14
8218	15
8219	15
8220	15
8221	15
8222	15
8223	15
8224	15
8225	15
8226	15
8227	15
8228	15
8229	15
8230	15
8231	15
8232	14
8233	14
8234	14
8235	14
8236	14
8237	13
8238	13
8239	13
8240	13
8241	13
8242	13
8243	13
8244	14
8245	14
8246	14
8247	14
8248	14
8249	14
8250	14
8251	14
8252	14
8253	14
8254	14
8255	13
8256	13
8257	13
8258	13
8259	14
8260	15
8261	15
8262	15
8263	15
8264	15
8265	15
8266	15
8267	15
8268	15
8269	15
8270	15
8271	15
8272	15
8273	14
8274	14
8275	14
8276	14
8277	13
8278	14
8279	13
8280	13
8281	13
8282	13
8283	14
8284	13
8285	15
8286	14
8287	15
8288	14
8289	14
8290	14
8291	14
8292	14
8293	14
8294	14
8295	14
8296	14
8297	13
8298	13
8299	13
8300	13
8301	14
8302	14
8303	14
8304	14
8305	14
8306	13
8307	12
8308	12
8309	12
8310	12
8311	12
8312	12
8313	12
8314	12
8315	14
8316	14
8317	14
8318	14
8319	14
8320	14
8321	14
8322	14
8323	13
8324	13
8325	13
8326	13
8327	13
8328	13
8329	13
8330	13
8331	13
8332	13
8333	13
8334	13
8335	13
8336	13
8337	13
8338	13
8339	13
8340	13
8341	13
8342	13
8343	13
8344	13
8345	13
8346	13
8347	13
8348	13
8349	13
8350	15
8351	15
8352	15
8353	15
8354	15
8355	15
8356	15
8357	15
8358	13
8359	14
8360	14
8361	14
8362	14
8363	14
8364	14
8365	14
8366	13
8367	13
8368	14
8369	14
8370	13
8371	13
8372	13
8373	13
8374	13
8375	13
8376	13
8377	13
8378	13
8379	17
8380	17
8381	17
8382	17
8383	17
8384	17
8385	17
8386	17
8387	15
8388	15
8389	15
8390	14
8391	14
8392	14
8393	14
8394	14
8395	14
8396	14
8397	14
8398	14
8399	13
8400	13
8401	13
8402	13
8403	13
8404	16
8405	17
8406	17
8407	17
8408	17
8409	17
8410	17
8411	17
8412	17
8413	17
8414	17
8415	17
8416	17
8417	17
8418	17
8419	17
8420	17
8421	17
8422	17
8423	12
8424	12
8425	13
8426	13
8427	13
8428	13
8429	13
8430	13
8431	13
8432	13
8433	13
8434	13
8435	13
8436	13
8437	13
8438	15
8439	17
8440	18
8441	18
8442	18
8443	18
8444	17
8445	16
8446	15
8447	15
8448	15
8449	15
8450	15
8451	15
8452	15
8453	15
8454	15
8455	16
8456	16
8457	16
8458	17
8459	15
8460	15
8461	15
8462	15
8463	15
8464	15
8465	15
5
8466	18467	15
8468	15
8469	15
8470	15
8471	15
8472	15
8473	15
8474	16
8475	18
8476	18
8477	17
8478	16
8479	16
8480	15
8481	14
8482	15
8483	14
8484	14
8485	14
8486	14
8487	15
8488	15
8489	15
8490	15
8491	15
8492	15
8493	15
8494	15
8495	15
8496	15
8497	15
8498	16
8499	16
8500	17
8501	16
8502	16
8503	16
8504	15
8505	15
8506	15
8507	15
8508	15
8509	15
8510	15
8511	15
8512	15
8513	15
8514	15
8515	15
8516	15
8517	15
8518	15
8519	15
8520	16
8521	14
8522	15
8523	16
8524	16
8525	16
8526	16
8527	16
8528	16
8529	16
8530	16
8531	16
8532	16
8533	16
8534	16
8535	16
8536	15
8537	15
8538	15
8539	15
8540	15
8541	15
8542	15
8543	15
8544	15
8545	15
8546	15
8547	15
8548	17
8549	18
8550	19
8551	19
8552	19
8553	18
8554	18
8555	18
8556	18
8557	18
8558	18
8559	18
8560	18
8561	15
8562	16
8563	16
8564	16
8565	14
8566	14
8567	14
8568	14
8569	14
8570	14
8571	14
8572	15
8573	14
8574	14
8575	14
8576	14
8577	14
8578	14
8579	14
8580	14
8581	14
8582	14
8583	14
8584	14
8585	14
8586	14
8587	14
8588	14
8589	14
8590	15
8591	14
8592	14
8593	14
8594	14
8595	14
8596	14
8597	14
8598	14
8599	14
8600	14
8601	14
8602	15
8603	16
8604	15
8605	15
8606	15
8607	15
8608	15
8609	15
8610	15
8611	15
8612	16
8613	16
8614	16
8615	16
8616	16
8617	16
8618	16
8619	16
8620	16
8621	15
8622	15
8623	16
8624	15
8625	15
8626	15
8627	15
8628	15
8629	15
8630	15
8631	15
8632	15
8633	16
8634	16
8635	17
8636	17
8637	17
8638	17
8639	18
8640	17
8641	18
8642	18
8643	16
8644	16
8645	15
8646	16
8647	16
8648	16
8649	16
8650	16
8651	16
8652	16
8653	16
8654	16
8655	16
8656	16
8657	16
8658	16
8659	16
8660	16
8661	16
8662	16
8663	16
8664	16
8665	16
8666	16
8667	16
8668	16
8669	16
8670	17
8671	17
8672	17
8673	17
8674	17
8675	17
8676	17
8677	17
8678	17
8679	17
8680	17
8681	17
8682	17
8683	18
8684	18
8685	17
8686	17
8687	17
8688	17
8689	17
8690	17
8691	17
8692	17
8693	17
8694	17
8695	17
8696	17
8697	17
8698	18
8699	18
8700	16
8701	16
8702	16
8703	16
8704	16
8705	16
8706	16
8707	16
8708	16
8709	16
8710	17
8711	16
8712	16
8713	16
8714	16
8715	16
8716	16
8717	16
8718	16
8719	16
8720	16
8721	16
8722	16
8723	17
8724	17
8725	17
8726	17
8727	17
8728	17
8729	17
8730	17
8731	17
8732	17
8733	17
8734	17
8735	17
8736	17
8737	17
8738	17
8739	17
8740	17
8741	17
8742	18
8743	19
8744	17
8745	15
8746	16
8747	15
8748	16
8749	17
8750	17
8751	18
8752	18
8753	19
8754	18
8755	18
8756	20
8757	20
8758	20
8759	20
8760	20
8761	20
8762	20
8763	18
8764	18
8765	17
8766	16
8767	17
8768	16
8769	16
8770	16
8771	17
8772	17
8773	17
8774	18
8775	18
8776	18
8777	18
8778	18
8779	18
8780	18
8781	18
8782	17
8783	17
8784	17
8785	17
8786	17
8787	17
8788	17
8789	17
8790	17
17
8792	178791	
8793	17
8794	17
8795	17
8796	17
8797	17
8798	15
8799	17
8800	17
8801	17
8802	17
8803	18
8804	16
8805	16
8806	16
8807	18
8808	18
8809	19
8810	19
8811	19
8812	19
8813	19
8814	19
8815	19
8816	19
8817	19
8818	19
8819	19
8820	19
8821	19
8822	19
8823	19
8824	19
8825	19
8826	19
8827	19
8828	19
8829	19
8830	19
8831	23
8832	24
8833	26
8834	26
8835	26
8836	20
8837	20
8838	20
8839	20
8840	20
8841	20
8842	20
8843	20
8844	20
8845	20
8846	20
8847	20
8848	20
8849	20
8850	20
8851	20
8852	20
8853	20
8854	21
8855	21
8856	21
8857	18
8858	18
8859	18
8860	18
8861	18
8862	18
8863	18
8864	18
8865	18
8866	17
8867	17
8868	17
8869	17
8870	18
8871	19
8872	19
8873	19
8874	19
8875	19
8876	19
8877	19
8878	19
8879	19
8880	19
8881	19
8882	19
8883	19
8884	19
8885	19
8886	19
8887	19
8888	19
8889	19
8890	19
8891	19
8892	19
8893	19
8894	19
8895	19
8896	19
8897	19
8898	19
8899	19
8900	25
8901	25
8902	26
8903	25
8904	24
8905	23
8906	22
8907	21
8908	21
8909	20
8910	19
8911	19
8912	18
8913	18
8914	18
8915	18
8916	18
8917	18
8918	18
8919	18
8920	18
8921	21
8922	20
8923	20
8924	20
8925	19
8926	20
8927	20
8928	20
8929	20
8930	20
8931	20
8932	20
8933	20
8934	20

8936	208935	20
8937	20
8938	20
8939	20
8940	18
8941	18
8942	18
8943	19
8944	18
8945	18
8946	19
8947	19
8948	19
8949	21
8950	21
8951	21
8952	21
8953	21
8954	21
8955	21
8956	21
8957	21
8958	21
8959	21
8960	21
8961	19
8962	19
8963	19
8964	19
8965	19
8966	20
8967	21
8968	21
8969	22
8970	23
8971	22
8972	22
8973	22
8974	22
8975	22
8976	22
8977	22
8978	22
8979	22
8980	22
8981	22
8982	22
8983	22
8984	22
8985	22
8986	22
8987	22
8988	22
8989	19
8990	19
8991	19
8992	19
8993	19
8994	19
8995	19
8996	19
8997	19
8998	19
8999	19
9000	19
9001	19
9002	19
9003	18
9004	19
9005	20
9006	20
9007	20
9008	20
9009	20
9010	20
9011	20
9012	20
9013	20
9014	20
9015	20
9016	20
9017	21
9018	22
9019	21
9020	21
9021	21
9022	21
9023	21
9024	21
9025	21
9026	21
9027	20
9028	21
9029	21
9030	21
9031	21
9032	21
9033	20
9034	21
9035	21
9036	22
9037	22
9038	22
9039	22
9040	22
9041	22
9042	22
9043	22
9044	22
9045	22
9046	22
9047	22
9048	22
9049	21
9050	20
9051	20
9052	20
9053	20
9054	20
9055	20
9056	22
9057	22
9058	21
9059	21
9060	21
9061	21
9062	21
9063	21
9064	21
9065	21
9066	21
9067	22
9068	21
9069	21
9070	21
9071	21
9072	21
9073	21
9074	21
9075	21
9076	21
9077	21
9078	21
9079	20
9080	20
9081	20
9082	20
9083	20
9084	20
9085	20
9086	20
9087	20
9088	20
9089	20
9090	199092	199091	19


9093	19
9094	19
9095	19
9096	19
9097	19
9098	19
9099	19
9100	19
9101	19
9102	19
9103	20
9104	19
9105	19
9106	20
9107	20
9108	19
9109	19
9110	19
9111	18
9112	20
9113	20
9114	20
9115	20
9116	20
9117	20
9118	20
9119	20
9120	20
9121	20
9122	20
9123	18
9124	18
9125	18
9126	18
9127	18
9128	18
9129	18
9130	18
9131	18
9132	18
9133	18
9134	18
9135	18
9136	18
9137	27
9138	26
9139	26
9140	26
9141	26
9142	26
9143	26
9144	26
9145	26
9146	26
9147	26
9148	26
9149	26
9150	26
9151	26
9152	26
9153	26
9154	26
9155	26
9156	26
9157	26
9158	26
9159	26
9160	26
9161	26
9162	26
9163	26
9164	21
9165	21
9166	20
9167	19
9168	19
9169	19
9170	16
9171	17
9172	17
9173	17
9174	17
9175	17
9176	17
9177	17
9178	18
9179	19
9180	19
9181	19
9182	19
9183	19
9184	19
9185	19
9186	19
9187	19
9188	19
9189	19
9190	18
9191	18
9192	18
9193	18
9194	18
9195	18
9196	18
9197	18
9198	18
9199	18
9200	18
9201	18
9202	18
9203	18
9204	18
9205	26
9206	26
9207	26
9208	24
9209	25
9210	22
9211	21
9212	21
9213	19
9214	19
9215	19
9216	19
9217	19
9218	19
9219	21
9220	23
9221	23
9222	24
9223	24
9224	24
9225	24
9226	24
9227	24
9228	22
9229	22
9230	21
9231	19
9232	19
9233	19
9234	18
9235	18
9236	18
9237	19
9238	21
9239	21
9240	21
9241	21
9242	21
9243	21
9244	21
9245	21
9246	20
9247	22
9248	24
9249	23
9250	23
9251	23
9252	23
9253	23
9254	23
9255	23
9256	23
9257	23
9258	23
9259	23
9260	23
9261	23
9262	23
9263	23
9264	23
9265	26
9266	27
9267	28
9268	25
9269	25
9270	23
9271	23
9272	23
9273	23
9274	23
9275	23
9276	23
9277	23
9278	23
9279	23
9280	23
9281	23
9282	23
9283	23
9284	23
9285	23
9286	23
9287	23
9288	23
9289	23
9290	23
9291	23
9292	23
9293	23
9294	23
9295	23
9296	23
9297	21
9298	21
9299	21
9300	21
9301	21
9302	22
9303	23
9304	23
9305	23
9306	23
9307	23
9308	23
9309	23
9310	23
9311	23
9312	23
9313	23
9314	23
9315	23
9316	23
9317	23
9318	23
9319	23
9320	23
9321	23
9322	23
9323	23
9324	23
9325	23
9326	23
9327	23
9328	23
9329	23
9330	23
9331	23
9332	23
9333	23
9334	23
9335	23
9336	23
9337	22
9338	22
9339	22
9340	22
9341	22
9342	22
9343	22
9344	22
9345	22
9346	22
9347	22
9348	22
9349	22
9350	22
9351	22
9352	22
9353	22
9354	22
9355	22
9356	22
9357	22
9358	22
9359	22
9360	22
9361	22
9362	22
9363	22
9364	23
9365	23
9366	23
9367	24
9368	24
9369	24
9370	24
9371	24
9372	24
9373	24
9374	22
9375	23
9376	26
9377	25
9378	24
9379	24
9380	24
9381	24
9382	24
9383	24
9384	24
9385	24
9386	24
9387	24
9388	23
9389	23
9390	21
9391	21
9392	23
9393	23
9394	23
9395	23
9396	23
9397	23
9398	23
9399	23
9400	23
9401	23
9402	23
9403	23
9404	23
9405	23
9406	23
9407	20
9408	20
9409	21
9410	21
9411	23
9412	23
9413	22
9414	25
9415	26
9416	26
9417	25
9418	24
9419	25
9420	25
9421	25
9422	25
9423	25
9424	25
9425	25
9426	21
9427	21
9428	22
9429	22
9430	21
9431	21
9432	22
9433	20
9434	22
9435	22
9436	22
9437	22
9438	23
9439	23
9440	23
9441	23
9442	23
9443	23
9444	23
9445	23
9446	23
9447	23
9448	23
9449	23
9450	23
9451	23
9452	23
9453	23
9454	21
9455	21
9456	21
9457	21
9458	21
9459	21
9460	21
9461	21
9462	21
9463	21
9464	21
9465	21
9466	21
9467	21
9468	22
9469	22
9470	22
9471	22
9472	22
9473	22
9474	22
9475	24
9476	29
9477	31
9478	31
9479	31
9480	31
9481	31
9482	31
9483	24
9484	23
9485	22
9486	20
9487	20
9488	20
9489	20
9490	20
9491	20
9492	23
9493	26
9494	25
9495	25
9496	24
9497	24
9498	23
9499	23
9500	23
9501	25
9502	23
9503	22
9504	21
9505	19
9506	19
9507	19
9508	19
9509	19
9510	19
9511	19
9512	19
9513	24
9514	21
9515	22
9516	24
9517	24
9518	24
9519	24
9520	24
9521	24
9522	24
9523	24
9524	24
9525	24
9526	24
9527	24
9528	24
9529	24
9530	24
9531	24
9532	26
9533	29
9534	31
9535	31
9536	29
9537	29
9538	29
9539	29
9540	29
9541	29
9542	29
9543	29
9544	29
9545	21
9546	21
9547	21
9548	21
9549	21
9550	21
9551	21
9552	24
9553	24
9554	24
9555	23
9556	23
9557	23
9558	23
9559	23
9560	23
9561	23
9562	23
9563	23
9564	23
9565	23
9566	21
9567	21
9568	24
9569	24
9570	24
9571	24
9572	24
9573	24
9574	24
9575	24
9576	24
9577	25
9578	25
9579	22
9580	22
9581	22
9582	22
9583	22
9584	22
9585	22
9586	22
9587	23
9588	24
9589	25
9590	25
9591	25
9592	25
9593	25
9594	25
9595	25
9596	25
9597	25
9598	25
9599	25
9600	25
9601	25
9602	25
9603	25
9604	25
9605	25
9606	25
9607	25
9608	23
9609	24
9610	24
9611	24
9612	24
9613	24
9614	24
9615	24
9616	24
9617	22
9618	22
9619	22
9620	22
9621	22
9622	22
9623	23
9624	24
9625	23
9626	24
9627	24
9628	24
9629	24
9630	24
9631	24
9632	24
9633	25
9634	24
9635	24
9636	24
9637	24
9638	24
9639	24
9640	24
9641	24
9642	24
9643	24
9644	24
9645	24
9646	24
9647	24
9648	24
9649	24
9650	24
9651	24
9652	24
9653	23
9654	23
9655	23
9656	23
9657	23
9658	23
9659	23
9660	23
9661	23
9662	23
9663	23
9664	23
9665	23
9666	23
9667	23
9668	23
9669	23
9670	23
9671	23
9672	23
9673	23
9674	24
9675	24
9676	24
9677	24
9678	23
9679	24
9680	25
9681	25
9682	25
9683	24
9684	24
9685	24
9686	24
9687	24
9688	24
9689	24
9690	24
9691	24
9692	23
9693	21
9694	21
9695	20
9696	20
9697	21
9698	23
9699	23
9700	24
9701	23
9702	21
9703	21
9704	21
9705	21
9706	21
9707	22
9708	22
9709	22
9710	22
9711	22
9712	22
9713	21
9714	20
9715	20
9716	20
9717	20
9718	20
9719	20
9720	20
9721	20
9722	20
9723	20
9724	20
9725	20
9726	20
9727	20
9728	20
9729	20
9730	20
9731	20
9732	21
9733	21
9734	21
9735	21
9736	21
9737	21
9738	21
9739	21
9740	21
9741	21
9742	21
9743	21
9744	21
9745	21
9746	21
9747	21
9748	21
9749	21
9750	21
9751	18
9752	17
9753	17
9754	17
9755	17
9756	17
9757	24
9758	24
9759	23
9760	23
9761	23
9762	21
9763	22
9764	21
9765	22
9766	22
9767	20
9768	19
9769	19
9770	19
9771	19
9772	19
9773	19
9774	19
9775	19
9776	19
9777	19
9778	19
9779	19
9780	19
9781	19
9782	19
9783	19
9784	28
9785	25
9786	23
9787	21
9788	21
9789	21
9790	21
9791	21
9792	21
9793	21
9794	21
9795	21
9796	21
9797	21
9798	23
9799	26
9800	26
9801	26
9802	26
9803	26
9804	26
9805	26
9806	26
9807	26
9808	26
9809	26
9810	26
9811	26
9812	26
9813	26
9814	26
9815	26
9816	26
9817	26
9818	26
9819	24
9820	24
9821	24
9822	24
9823	23
9824	23
9825	23
9826	23
9827	23
9828	23
9829	23
9830	20
9831	21
9832	20
9833	21
9834	23
9835	23
9836	23
9837	23
9838	23
9839	23
9840	21
9841	24
9842	25
9843	25
9844	25
9845	25
9846	25
9847	25
9848	25
9849	25
9850	25
9851	25
9852	25
9853	21
9854	22
9855	23
9856	25
9857	25
9858	26
9859	27
9860	29
9861	28
9862	28
9863	28
9864	28
9865	28
9866	28
9867	28
9868	28
9869	28
9870	28
9871	28
9872	28
9873	21
9874	21
9875	22
9876	21
9877	22
9878	23
9879	22
9880	23
9881	23
9882	23
9883	23
9884	23
9885	23
9886	23
9887	23
9888	23
9889	23
9890	21
9891	21
9892	22
9893	23
9894	23
9895	23
9896	22
9897	22
9898	22
9899	22
9900	22
9901	23
9902	24
9903	24
9904	25
9905	25
9906	25
9907	25
9908	25
9909	25
9910	25
9911	25
9912	25
9913	25
9914	25
9915	25
9916	24
9917	25
9918	26
9919	27
9920	26
9921	25
9922	25
9923	25
9924	25
9925	25
9926	25
9927	25
9928	25
9929	25
9930	25
9931	22
9932	21
9933	21
9934	21
9935	21
9936	21
9937	21
9938	21
9939	21
9940	21
9941	21
9942	23
9943	23
9944	23
9945	23
9946	23
9947	23
9948	23
9949	23
9950	23
9951	23
9952	23
9953	23
9954	23
9955	23
9956	23
9957	23
9958	25
9959	25
9960	25
9961	25
9962	23
9963	23
9964	21
9965	21
9966	22
9967	24
9968	26
9969	26
9970	25
9971	25
9972	25
9973	25
9974	25
9975	25
9976	25
9977	25
9978	25
9979	23
9980	22
9981	22
9982	22
9983	22
9984	23
9985	24
9986	24
9987	24
9988	24
9989	24
9990	24
9991	24
9992	24
9993	24
9994	24
9995	25
9996	23
9997	21
9998	20
9999	21
10000	21
10001	21
10002	21
10003	21
10004	21
10005	21
10006	21
10007	21
10008	21
10009	21
10010	21
10011	23
10012	23
10013	23
10014	23
10015	23
10016	23
10017	23
10018	23
10019	24
10020	23
10021	22
10022	22
10023	21
10024	21
10025	21
10026	21
10027	21
10028	21
10029	21
10030	21
10031	23
10032	23
10033	23
10034	23
10035	23
10036	23
10037	23
10038	23
10039	23
10040	23
10041	23
10042	22
10043	23
10044	23
10045	28
10046	28
10047	28
10048	28
10049	28
10050	28
10051	20
10052	20
10053	21
10054	21
10055	24
10056	24
10057	24
10058	24
10059	24
10060	24
10061	24
10062	24
10063	24
10064	32
10065	29
10066	29
10067	29
10068	29
10069	29
10070	29
10071	29
10072	29
10073	21
10074	21
10075	21
10076	21
10077	21
10078	21
10079	21
10080	21
10081	21
10082	21
10083	21
10084	21
10085	21
10086	21
10087	21
10088	21
10089	21
10090	22
10091	23
10092	24
10093	24
10094	25
10095	24
10096	24
10097	24
10098	24
10099	27
10100	29
10101	28
10102	28
10103	28
10104	28
10105	28
10106	28
10107	28
10108	28
10109	28
10110	28
10111	28
10112	28
10113	28
10114	28
10115	28
10116	28
10117	33
10118	32
10119	31
10120	27
10121	27
10122	25
10123	25
10124	25
10125	25
10126	25
10127	25
10128	25
10129	25
10130	23
10131	24
10132	24
10133	24
10134	24
10135	24
10136	24
10137	24
10138	24
10139	23
10140	23
10141	22
10142	21
10143	22
10144	21
10145	21
10146	22
10147	22
10148	22
10149	22
10150	22
10151	22
10152	22
10153	22
10154	22
10155	22
10156	22
10157	26
10158	26
10159	25
10160	25
10161	23
10162	23
10163	22
10164	23
10165	22
10166	23
10167	23
10168	24
10169	24
10170	25
10171	26
10172	27
10173	27
10174	27
10175	27
10176	27
10177	27
10178	27
10179	23
10180	24
10181	23
10182	22
10183	22
10184	22
10185	22
10186	22
10187	22
10188	22
10189	22
10190	22
10191	22
10192	22
10193	22
10194	22
10195	22
10196	23
10197	24
10198	24
10199	24
10200	24
10201	24
10202	24
10203	24
10204	24
10205	24
10206	24
10207	24
10208	24
10209	24
10210	24
10211	24
10212	24
10213	24
10214	24
10215	24
10216	24
10217	25
10218	24
10219	23
10220	23
10221	23
10222	23
10223	25
10224	24
10225	24
10226	24
10227	24
10228	27
10229	27
10230	26
10231	26
10232	25
10233	24
10234	24
10235	24
10236	24
10237	24
10238	24
10239	24
10240	24
10241	24
10242	24
10243	24
10244	24
10245	24
10246	24
10247	24
10248	24
10249	24
10250	23
10251	23
10252	24
10253	24
10254	25
10255	25
10256	25
10257	25
10258	25
10259	25
10260	25
10261	25
10262	25
10263	25
10264	25
10265	25
10266	25
10267	25
10268	25
10269	25
10270	25
10271	25
10272	25
10273	25
10274	25
10275	25
10276	25
10277	25
10278	25
10279	26
10280	26
10281	26
10282	26
10283	22
10284	23
10285	22
10286	22
10287	22
10288	22
10289	22
10290	22
10291	22
10292	22
10293	22
10294	22
10295	22
10296	24
10297	24
10298	24
10299	25
10300	25
10301	25
10302	25
10303	25
10304	25
10305	25
10306	21
10307	21
10308	22
10309	22
10310	22
10311	21
10312	21
10313	21
10314	21
10315	21
10316	21
10317	31
10318	29
10319	29
10320	25
10321	26
10322	24
10323	23
10324	22
10325	22
10326	19
10327	18
10328	20
10329	20
10330	23
10331	25
10332	26
10333	26
10334	26
10335	26
10336	26
10337	26
10338	26
10339	26
10340	23
10341	23
10342	23
10343	20
10344	19
10345	19
10346	21
10347	21
10348	21
10349	21
10350	21
10351	21
10352	21
10353	21
10354	21
10355	21
10356	27
10357	29
10358	28
10359	24
10360	22
10361	21
10362	21
10363	24
10364	24
10365	25
10366	24
10367	25
10368	23
10369	24
10370	24
10371	24
10372	24
10373	24
10374	24
10375	24
10376	24
10377	24
10378	26
10379	26
10380	25
10381	24
10382	23
10383	22
10384	21
10385	21
10386	23
10387	22
10388	25
10389	27
10390	27
10391	27
10392	27
10393	27
10394	27
10395	27
10396	24
10397	24
10398	24
10399	24
10400	24
10401	24
10402	24
10403	24
10404	24
10405	24
10406	24
10407	24
10408	24
10409	24
10410	24
10411	24
10412	24
10413	24
10414	24
10415	24
10416	24
10417	24
10418	24
10419	24
10420	24
10421	24
10422	22
10423	21
10424	24
10425	24
10426	25
10427	26
10428	26
10429	29
10430	30
10431	30
10432	26
10433	24
10434	23
10435	24
10436	24
10437	24
10438	24
10439	24
10440	24
10441	24
10442	24
10443	24
10444	24
10445	22
10446	24
10447	24
10448	22
10449	23
10450	23
10451	24
10452	24
10453	24
10454	24
10455	24
10456	24
10457	24
10458	24
10459	24
10460	21
10461	23
10462	24
10463	25
10464	24
10465	23
10466	23
10467	23
10468	23
10469	23
10470	23
10471	23
10472	23
10473	23
10474	23
10475	23
10476	23
10477	23
10478	23
10479	23
10480	23
10481	23
10482	24
10483	24
10484	25
10485	27
10486	27
10487	27
10488	27
10489	27
10490	27
10491	27
10492	27
10493	27
10494	27
10495	27
10496	23
10497	24
10498	24
10499	24
10500	23
10501	24
10502	25
10503	25
10504	25
10505	25
10506	22
10507	24
10508	25
10509	26
10510	26
10511	26
10512	26
10513	26
10514	26
10515	26
10516	26
10517	27
10518	26
10519	26
10520	26
10521	24
10522	24
10523	24
10524	24
10525	24
10526	24
10527	24
10528	24
10529	22
10530	24
10531	24
10532	24
10533	24
10534	24
10535	24
10536	24
10537	24
10538	23
10539	24
10540	26
10541	25
10542	25
10543	25
10544	25
10545	25
10546	25
10547	25
10548	25
10549	25
10550	25
10551	25
10552	25
10553	25
10554	25
10555	23
10556	26
10557	26
10558	27
10559	24
10560	23
10561	22
10562	22
10563	24
10564	24
10565	26
10566	27
10567	27
10568	27
10569	27
10570	27
10571	27
10572	27
10573	27
10574	27
10575	27
10576	27
10577	27
10578	27
10579	27
10580	27
10581	27
10582	27
10583	23
10584	23
10585	25
10586	25
10587	27
10588	27
10589	26
10590	26
10591	26
10592	26
10593	26
10594	26
10595	21
10596	21
10597	21
10598	23
10599	23
10600	23
10601	23
10602	23
10603	23
10604	25
10605	27
10606	28
10607	29
10608	24
10609	24
10610	22
10611	21
10612	23
10613	23
10614	23
10615	23
10616	23
10617	23
10618	23
10619	23
10620	23
10621	23
10622	37
10623	37
10624	34
10625	29
10626	29
10627	27
10628	27
10629	27
10630	25
10631	22
10632	22
10633	24
10634	27
10635	29
10636	29
10637	29
10638	29
10639	29
10640	29
10641	29
10642	29
10643	29
10644	27
10645	26
10646	24
10647	23
10648	23
10649	24
10650	26
10651	25
10652	25
10653	25
10654	25
10655	25
10656	25
10657	25
10658	25
10659	25
10660	25
10661	25
10662	24
10663	24
10664	24
10665	26
10666	28
10667	28
10668	28
10669	28
10670	28
10671	28
10672	28
10673	28
10674	28
10675	28
10676	28
10677	28
10678	28
10679	28
10680	28
10681	28
10682	28
10683	24
10684	24
10685	24
10686	24
10687	24
10688	27
10689	27
10690	27
10691	27
10692	25
10693	25
10694	25
10695	24
10696	24
10697	23
10698	24
10699	24
10700	24
10701	24
10702	24
10703	24
10704	24
10705	24
10706	24
10707	24
10708	24
10709	24
10710	24
10711	24
10712	24
10713	24
10714	24
10715	24
10716	24
10717	26
10718	25
10719	26
10720	27
10721	27
10722	27
10723	27
10724	27
10725	27
10726	27
10727	27
10728	27
10729	27
10730	26
10731	25
10732	26
10733	26
10734	26
10735	26
10736	26
10737	26
10738	26
10739	26
10740	26
10741	26
10742	26
10743	26
10744	26
10745	26
10746	26
10747	26
10748	25
10749	26
10750	27
10751	26
10752	28
10753	27
10754	28
10755	27
10756	27
10757	27
10758	27
10759	27
10760	27
10761	27
10762	28
10763	28
10764	26
10765	26
10766	27
10767	27
10768	27
10769	27
10770	27
10771	27
10772	27
10773	27
10774	29
10775	28
10776	28
10777	28
10778	28
10779	28
10780	28
10781	28
10782	28
10783	28
10784	26
10785	25
10786	25
10787	27
10788	28
10789	29
10790	27
10791	26
10792	25
10793	25
10794	25
10795	25
10796	25
10797	25
10798	25
10799	25
10800	25
10801	25
10802	25
10803	25
10804	28
10805	27
10806	25
10807	26
10808	26
10809	27
10810	27
10811	25
10812	24
10813	25
10814	25
10815	25
10816	25
10817	25
10818	25
10819	25
10820	25
10821	25
10822	25
10823	26
10824	26
10825	24
10826	25
10827	25
10828	25
10829	24
10830	24
10831	24
10832	25
10833	26
10834	27
10835	27
10836	27
10837	27
10838	27
10839	27
10840	27
10841	27
10842	27
10843	27
10844	27
10845	25
10846	25
10847	25
10848	24
10849	27
10850	32
10851	35
10852	34
10853	33
10854	30
10855	30
10856	30
10857	30
10858	30
10859	30
10860	30
10861	30
10862	30
10863	30
10864	26
10865	26
10866	26
10867	26
10868	26
10869	26
10870	26
10871	26
10872	27
10873	26
10874	25
10875	25
10876	25
10877	25
10878	25
10879	25
10880	25
10881	25
10882	25
10883	25
10884	25
10885	25
10886	25
10887	25
10888	32
10889	30
10890	26
10891	25
10892	23
10893	23
10894	26
10895	27
10896	29
10897	28
10898	27
10899	28
10900	32
10901	36
10902	39
10903	37
10904	37
10905	37
10906	37
10907	37
10908	37
10909	28
10910	26
10911	25
10912	24
10913	24
10914	26
10915	29
10916	30
10917	31
10918	31
10919	31
10920	31
10921	31
10922	31
10923	31
10924	31
10925	31
10926	25
10927	24
10928	24
10929	26
10930	29
10931	29
10932	27
10933	28
10934	28
10935	28
10936	28
10937	28
10938	28
10939	28
10940	28
10941	28
10942	28
10943	28
10944	28
10945	28
10946	28
10947	28
10948	28
10949	31
10950	35
10951	37
10952	36
10953	32
10954	32
10955	32
10956	32
10957	32
10958	32
10959	32
10960	32
10961	32
10962	26
10963	26
10964	26
10965	27
10966	28
10967	28
10968	28
10969	28
10970	28
10971	28
10972	28
10973	28
10974	28
10975	28
10976	28
10977	28
10978	28
10979	28
10980	28
10981	27
10982	27
10983	27
10984	28
10985	28
10986	28
10987	29
10988	29
10989	29
10990	29
10991	29
10992	29
10993	29
10994	29
10995	29
10996	29
10997	29
10998	29
10999	32
11000	32
11001	31
11002	31
11003	31
11004	31
11005	28
11006	27
11007	27
11008	27
11009	27
11010	27
11011	27
11012	27
11013	27
11014	27
11015	27
11016	27
11017	27
11018	27
11019	28
11020	30
11021	29
11022	29
11023	30
11024	31
11025	31
11026	31
11027	29
11028	29
11029	28
11030	28
11031	28
11032	29
11033	30
11034	30
11035	30
11036	30
11037	30
11038	30
11039	30
11040	30
11041	30
11042	30
11043	30
11044	30
11045	30
11046	30
11047	28
11048	28
11049	28
11050	27
11051	25
11052	27
11053	27
11054	29
11055	27
11056	27
11057	25
11058	25
11059	25
11060	25
11061	25
11062	25
11063	25
11064	25
11065	25
11066	25
11067	25
11068	25
11069	30
11070	29
11071	30
11072	34
11073	32
11074	33
11075	32
11076	28
11077	26
11078	26
11079	26
11080	26
11081	26
11082	26
11083	26
11084	26
11085	26
11086	26
11087	26
11088	26
11089	30
11090	29
11091	28
11092	27
11093	27
11094	27
11095	24
11096	23
11097	25
11098	26
11099	27
11100	27
11101	26
11102	26
11103	28
11104	28
11105	28
11106	28
11107	28
11108	28
11109	25
11110	24
11111	23
11112	26
11113	29
11114	29
11115	28
11116	27
11117	25
11118	25
11119	25
11120	25
11121	25
11122	25
11123	25
11124	25
11125	25
11126	25
11127	25
11128	26
11129	25
11130	26
11131	30
11132	33
11133	33
11134	33
11135	33
11136	33
11137	33
11138	33
11139	33
11140	33
11141	33
11142	33
11143	33
11144	33
11145	33
11146	33
11147	33
11148	33
11149	31
11150	35
11151	35
11152	34
11153	32
11154	29
11155	28
11156	28
11157	30
11158	32
11159	32
11160	32
11161	32
11162	37
11163	40
11164	42
11165	39
11166	35
11167	35
11168	35
11169	35
11170	35
11171	35
11172	35
11173	35
11174	35
11175	35
11176	35
11177	35
11178	31
11179	31
11180	30
11181	30
11182	29
11183	28
11184	27
11185	27
11186	27
11187	27
11188	27
11189	27
11190	27
11191	27
11192	27
11193	27
11194	30
11195	31
11196	32
11197	32
11198	31
11199	31
11200	31
11201	31
11202	31
11203	31
11204	31
11205	31
11206	31
11207	31
11208	31
11209	31
11210	31
11211	31
11212	31
11213	30
11214	29
11215	29
11216	28
11217	27
11218	27
11219	27
11220	27
11221	27
11222	27
11223	27
11224	27
11225	27
11226	27
11227	27
11228	30
11229	28
11230	29
11231	29
11232	29
11233	29
11234	29
11235	29
11236	29
11237	29
11238	29
11239	32
11240	32
11241	32
11242	32
11243	32
11244	32
11245	32
11246	32
11247	32
11248	32
11249	29
11250	30
11251	31
11252	34
11253	33
11254	32
11255	31
11256	30
11257	30
11258	30
11259	30
11260	30
11261	30
11262	30
11263	30
11264	30
11265	30
11266	30
11267	30
11268	30
11269	27
11270	27
11271	28
11272	29
11273	30
11274	30
11275	30
11276	30
11277	32
11278	32
11279	32
11280	32
11281	32
11282	32
11283	32
11284	32
11285	32
11286	29
11287	28
11288	26
11289	26
11290	25
11291	27
11292	28
11293	30
11294	30
11295	29
11296	27
11297	27
11298	27
11299	27
11300	27
11301	27
11302	27
11303	27
11304	27
11305	27
11306	27
11307	27
11308	27
11309	27
11310	29
11311	29
11312	29
11313	27
11314	26
11315	26
11316	26
11317	25
11318	26
11319	26
11320	27
11321	27
11322	27
11323	27
11324	27
11325	27
11326	27
11327	27
11328	30
11329	30
11330	30
11331	27
11332	27
11333	27
11334	27
11335	27
11336	25
11337	29
11338	31
11339	31
11340	29
11341	28
11342	28
11343	28
11344	28
11345	28
11346	28
11347	28
11348	28
11349	28
11350	28
11351	28
11352	28
11353	27
11354	25
11355	26
11356	29
11357	30
11358	34
11359	34
11360	29
11361	28
11362	25
11363	26
11364	29
11365	29
11366	29
11367	29
11368	28
11369	31
11370	31
11371	31
11372	31
11373	31
11374	31
11375	36
11376	32
11377	31
11378	30
11379	28
11380	27
11381	26
11382	26
11383	26
11384	26
11385	26
11386	26
11387	26
11388	26
11389	26
11390	26
11391	30
11392	27
11393	26
11394	26
11395	25
11396	26
11397	26
11398	27
11399	29
11400	29
11401	29
11402	29
11403	29
11404	29
11405	29
11406	29
11407	29
11408	29
11409	29
11410	29
11411	29
11412	29
11413	29
11414	29
11415	29
11416	32
11417	34
11418	37
11419	37
11420	35
11421	32
11422	30
11423	30
11424	30
11425	28
11426	26
11427	26
11428	27
11429	26
11430	27
11431	27
11432	27
11433	27
11434	27
11435	27
11436	27
11437	27
11438	27
11439	27
11440	27
11441	27
11442	27
11443	26
11444	27
11445	29
11446	30
11447	30
11448	28
11449	28
11450	28
11451	29
11452	30
11453	30
11454	30
11455	30
11456	30
11457	30
11458	30
11459	30
11460	29
11461	29
11462	30
11463	31
11464	31
11465	31
11466	31
11467	31
11468	31
11469	31
11470	31
11471	31
11472	31
11473	31
11474	31
11475	31
11476	31
11477	31
11478	31
11479	31
11480	31
11481	28
11482	27
11483	29
11484	30
11485	31
11486	30
11487	31
11488	32
11489	32
11490	32
11491	32
11492	30
11493	30
11494	29
11495	29
11496	30
11497	30
11498	30
11499	30
11500	30
11501	30
11502	30
11503	30
11504	30
11505	30
11506	30
11507	30
11508	30
11509	30
11510	30
11511	30
11512	30
11513	30
11514	30
11515	29
11516	30
11517	31
11518	30
11519	29
11520	28
11521	27
11522	27
11523	30
11524	32
11525	32
11526	32
11527	32
11528	32
11529	32
11530	32
11531	31
11532	31
11533	34
11534	37
11535	36
11536	33
11537	32
11538	29
11539	28
11540	27
11541	27
11542	29
11543	29
11544	29
11545	28
11546	28
11547	28
11548	28
11549	28
11550	28
11551	30
11552	30
11553	29
11554	28
11555	27
11556	24
11557	26
11558	27
11559	27
11560	29
11561	28
11562	28
11563	31
11564	33
11565	33
11566	32
11567	32
11568	32
11569	32
11570	32
11571	32
11572	32
11573	32
11574	29
11575	28
11576	29
11577	37
11578	37
11579	46
11580	40
11581	37
11582	35
11583	32
11584	31
11585	29
11586	29
11587	29
11588	29
11589	29
11590	29
11591	29
11592	29
11593	29
11594	32
11595	41
11596	41
11597	41
11598	30
11599	30
11600	30
11601	30
11602	31
11603	30
11604	31
11605	30
11606	31
11607	31
11608	31
11609	31
11610	31
11611	31
11612	31
11613	31
11614	31
11615	31
11616	31
11617	31
11618	31
11619	37
11620	42
11621	44
11622	42
11623	38
11624	34
11625	32
11626	30
11627	29
11628	29
11629	29
11630	28
11631	30
11632	32
11633	33
11634	33
11635	33
11636	33
11637	33
11638	33
11639	33
11640	29
11641	28
11642	27
11643	28
11644	28
11645	29
11646	31
11647	30
11648	30
11649	30
11650	30
11651	30
11652	30
11653	30
11654	30
11655	30
11656	30
11657	29
11658	30
11659	30
11660	30
11661	32
11662	34
11663	36
11664	37
11665	37
11666	35
11667	35
11668	35
11669	35
11670	35
11671	35
11672	35
11673	35
11674	35
11675	35
11676	35
11677	35
11678	31
11679	30
11680	30
11681	29
11682	30
11683	30
11684	29
11685	29
11686	30
11687	30
11688	31
11689	31
11690	31
11691	30
11692	31
11693	31
11694	31
11695	33
11696	33
11697	33
11698	33
11699	29
11700	29
11701	29
11702	29
11703	29
11704	29
11705	29
11706	29
11707	29
11708	29
11709	29
11710	29
11711	29
11712	30
11713	31
11714	31
11715	31
11716	28
11717	28
11718	29
11719	29
11720	29
11721	29
11722	29
11723	29
11724	29
11725	29
11726	29
11727	30
11728	30
11729	30
11730	31
11731	32
11732	33
11733	33
11734	33
11735	33
11736	28
11737	28
11738	29
11739	29
11740	29
11741	29
11742	29
11743	29
11744	29
11745	29
11746	29
11747	31
11748	30
11749	29
11750	27
11751	27
11752	27
11753	27
11754	27
11755	27
11756	27
11757	26
11758	26
11759	25
11760	27
11761	28
11762	28
11763	30
11764	30
11765	30
11766	30
11767	30
11768	30
11769	30
11770	30
11771	30
11772	30
11773	30
11774	30
11775	30
11776	30
11777	30
11778	30
11779	39
11780	37
11781	32
11782	31
11783	29
11784	28
11785	26
11786	25
11787	24
11788	22
11789	22
11790	24
11791	24
11792	24
11793	24
11794	24
11795	24
11796	24
11797	27
11798	27
11799	28
11800	27
11801	24
11802	22
11803	22
11804	23
11805	25
11806	26
11807	26
11808	24
11809	27
11810	27
11811	27
11812	27
11813	27
11814	27
11815	27
11816	27
11817	27
11818	25
11819	26
11820	29
11821	29
11822	28
11823	27
11824	29
11825	30
11826	36
11827	42
11828	39
11829	37
11830	32
11831	32
11832	31
11833	28
11834	28
11835	28
11836	28
11837	28
11838	28
11839	28
11840	31
11841	32
11842	31
11843	31
11844	31
11845	31
11846	29
11847	28
11848	25
11849	26
11850	25
11851	25
11852	25
11853	25
11854	25
11855	25
11856	25
11857	25
11858	28
11859	29
11860	31
11861	32
11862	31
11863	29
11864	27
11865	27
11866	27
11867	27
11868	27
11869	27
11870	29
11871	29
11872	29
11873	29
11874	29
11875	29
11876	29
11877	29
11878	29
11879	29
11880	27
11881	26
11882	26
11883	26
11884	27
11885	26
11886	26
11887	27
11888	28
11889	28
11890	28
11891	29
11892	30
11893	29
11894	28
11895	27
11896	25
11897	27
11898	27
11899	27
11900	27
11901	27
11902	27
11903	27
11904	27
11905	27
11906	27
11907	29
11908	29
11909	30
11910	30
11911	29
11912	28
11913	28
11914	28
11915	29
11916	29
11917	29
11918	29
11919	29
11920	29
11921	29
11922	29
11923	29
11924	30
11925	29
11926	31
11927	30
11928	28
11929	27
11930	28
11931	29
11932	28
11933	28
11934	28
11935	28
11936	28
11937	28
11938	28
11939	28
11940	28
11941	28
11942	28
11943	28
11944	34
11945	34
11946	32
11947	32
11948	32
11949	30
11950	30
11951	30
11952	33
11953	33
11954	33
11955	33
11956	33
11957	33
11958	33
11959	33
11960	33
11961	32
11962	29
11963	30
11964	30
11965	30
11966	30
11967	30
11968	30
11969	30
11970	30
11971	30
11972	30
11973	30
11974	30
11975	30
11976	30
11977	30
11978	30
11979	32
11980	31
11981	27
11982	26
11983	28
11984	29
11985	31
11986	32
11987	35
11988	37
11989	36
11990	36
11991	36
11992	36
11993	36
11994	36
11995	36
11996	36
11997	36
11998	36
11999	36
12000	28
12001	28
12002	32
12003	31
12004	32
12005	32
12006	30
12007	30
12008	30
12009	30
12010	30
12011	30
12012	30
12013	28
12014	28
12015	28
12016	29
12017	29
12018	32
12019	35
12020	34
12021	31
12022	28
12023	25
12024	27
12025	29
12026	30
12027	33
12028	29
12029	29
12030	29
12031	29
12032	29
12033	29
12034	29
12035	29
12036	29
12037	29
12038	29
12039	29
12040	29
12041	29
12042	29
12043	29
12044	37
12045	35
12046	34
12047	34
12048	43
12049	36
12050	32
12051	30
12052	29
12053	29
12054	29
12055	29
12056	29
12057	29
12058	29
12059	29
12060	29
12061	29
12062	29
12063	29
12064	29
12065	29
12066	33
12067	35
12068	35
12069	35
12070	37
12071	42
12072	48
12073	47
12074	41
12075	36
12076	36
12077	36
12078	36
12079	36
12080	36
12081	36
12082	36
12083	36
12084	35
12085	35
12086	35
12087	34
12088	32
12089	31
12090	30
12091	31
12092	30
12093	30
12094	31
12095	31
12096	33
12097	33
12098	34
12099	35
12100	37
12101	37
12102	37
12103	37
12104	37
12105	37
12106	37
12107	33
12108	32
12109	35
12110	36
12111	39
12112	41
12113	41
12114	37
12115	37
12116	37
12117	37
12118	37
12119	37
12120	37
12121	37
12122	37
12123	34
12124	34
12125	34
12126	34
12127	34
12128	34
12129	33
12130	32
12131	32
12132	32
12133	32
12134	32
12135	32
12136	32
12137	32
12138	32
12139	32
12140	32
12141	36
12142	35
12143	35
12144	32
12145	34
12146	36
12147	34
12148	33
12149	34
12150	36
12151	38
12152	37
12153	36
12154	35
12155	32
12156	33
12157	35
12158	35
12159	32
12160	31
12161	32
12162	32
12163	35
12164	35
12165	35
12166	35
12167	35
12168	35
12169	35
12170	35
12171	35
12172	35
12173	35
12174	36
12175	36
12176	36
12177	32
12178	31
12179	32
12180	32
12181	32
12182	31
12183	30
12184	29
12185	29
12186	29
12187	29
12188	29
12189	29
12190	29
12191	29
12192	29
12193	30
12194	29
12195	29
12196	29
12197	29
12198	29
12199	29
12200	29
12201	29
12202	29
12203	29
12204	29
12205	29
12206	29
12207	28
12208	29
12209	29
12210	29
12211	29
12212	28
12213	30
12214	36
12215	40
12216	44
12217	43
12218	37
12219	33
12220	32
12221	29
12222	29
12223	25
12224	25
12225	27
12226	31
12227	34
12228	35
12229	32
12230	31
12231	31
12232	31
12233	31
12234	31
12235	31
12236	31
12237	31
12238	29
12239	29
12240	29
12241	29
12242	29
12243	29
12244	32
12245	36
12246	39
12247	35
12248	30
12249	27
12250	27
12251	29
12252	31
12253	33
12254	32
12255	31
12256	33
12257	33
12258	45
12259	44
12260	44
12261	44
12262	44
12263	44
12264	44
12265	44
12266	44
12267	29
12268	30
12269	30
12270	34
12271	36
12272	34
12273	34
12274	34
12275	34
12276	34
12277	34
12278	34
12279	34
12280	34
12281	34
12282	34
12283	32
12284	32
12285	32
12286	32
12287	32
12288	37
12289	36
12290	35
12291	31
12292	29
12293	30
12294	30
12295	30
12296	30
12297	30
12298	38
12299	38
12300	38
12301	38
12302	38
12303	38
12304	38
12305	38
12306	38
12307	29
12308	29
12309	29
12310	29
12311	30
12312	32
12313	32
12314	30
12315	32
12316	33
12317	34
12318	31
12319	31
12320	31
12321	31
12322	31
12323	31
12324	32
12325	33
12326	32
12327	32
12328	31
12329	31
12330	31
12331	31
12332	31
12333	31
12334	31
12335	31
12336	33
12337	32
12338	33
12339	33
12340	35
12341	38
12342	38
12343	38
12344	38
12345	33
12346	33
12347	34
12348	34
12349	34
12350	32
12351	31
12352	32
12353	33
12354	35
12355	35
12356	31
12357	31
12358	31
12359	35
12360	35
12361	35
12362	35
12363	38
12364	36
12365	36
12366	36
12367	36
12368	36
12369	36
12370	36
12371	36
12372	36
12373	31
12374	31
12375	33
12376	37
12377	37
12378	35
12379	32
12380	33
12381	35
12382	34
12383	34
12384	34
12385	34
12386	32
12387	32
12388	35
12389	34
12390	31
12391	32
12392	32
12393	34
12394	36
12395	35
12396	31
12397	29
12398	29
12399	33
12400	33
12401	33
12402	33
12403	33
12404	33
12405	33
12406	33
12407	33
12408	33
12409	33
12410	33
12411	33
12412	32
12413	32
12414	31
12415	34
12416	36
12417	35
12418	35
12419	32
12420	32
12421	32
12422	32
12423	32
12424	32
12425	31
12426	32
12427	31
12428	32
12429	34
12430	34
12431	34
12432	34
12433	34
12434	34
12435	34
12436	34
12437	34
12438	34
12439	34
12440	34
12441	34
12442	34
12443	34
12444	45
12445	39
12446	36
12447	35
12448	32
12449	31
12450	30
12451	34
12452	41
12453	39
12454	39
12455	37
12456	37
12457	37
12458	37
12459	37
12460	37
12461	37
12462	37
12463	37
12464	37
12465	37
12466	37
12467	39
12468	43
12469	40
12470	38
12471	33
12472	33
12473	34
12474	34
12475	38
12476	38
12477	38
12478	38
12479	52
12480	52
12481	52
12482	52
12483	36
12484	35
12485	33
12486	33
12487	33
12488	34
12489	37
12490	37
12491	38
12492	37
12493	36
12494	34
12495	33
12496	32
12497	32
12498	32
12499	32
12500	32
12501	32
12502	32
12503	32
12504	32
12505	32
12506	32
12507	32
12508	36
12509	34
12510	33
12511	34
12512	34
12513	35
12514	37
12515	41
12516	42
12517	45
12518	41
12519	39
12520	36
12521	36
12522	36
12523	36
12524	36
12525	36
12526	36
12527	36
12528	36
12529	36
12530	36
12531	36
12532	36
12533	35
12534	34
12535	35
12536	35
12537	35
12538	37
12539	37
12540	35
12541	36
12542	36
12543	36
12544	36
12545	36
12546	36
12547	36
12548	36
12549	36
12550	36
12551	36
12552	36
12553	39
12554	40
12555	38
12556	36
12557	35
12558	35
12559	36
12560	35
12561	34
12562	33
12563	34
12564	36
12565	36
12566	34
12567	32
12568	32
12569	32
12570	32
12571	32
12572	32
12573	36
12574	36
12575	37
12576	38
12577	36
12578	34
12579	31
12580	33
12581	33
12582	33
12583	33
12584	33
12585	33
12586	33
12587	34
12588	34
12589	34
12590	32
12591	32
12592	31
12593	32
12594	31
12595	30
12596	30
12597	29
12598	29
12599	29
12600	29
12601	29
12602	29
12603	29
12604	29
12605	29
12606	30
12607	29
12608	29
12609	29
12610	30
12611	30
12612	29
12613	29
12614	35
12615	42
12616	46
12617	45
12618	38
12619	35
12620	33
12621	31
12622	29
12623	27
12624	26
12625	28
12626	31
12627	35
12628	35
12629	34
12630	32
12631	32
12632	32
12633	32
12634	32
12635	32
12636	32
12637	32
12638	32
12639	32
12640	32
12641	29
12642	29
12643	35
12644	35
12645	41
12646	35
12647	34
12648	29
12649	29
12650	30
12651	33
12652	34
12653	34
12654	34
12655	34
12656	34
12657	34
12658	34
12659	46
12660	38
12661	36
12662	35
12663	32
12664	32
12665	32
12666	32
12667	32
12668	32
12669	32
12670	36
12671	36
12672	36
12673	34
12674	32
12675	29
12676	29
12677	28
12678	29
12679	31
12680	33
12681	33
12682	33
12683	32
12684	32
12685	35
12686	38
12687	35
12688	32
12689	32
12690	30
12691	30
12692	31
12693	32
12694	33
12695	36
12696	40
12697	40
12698	40
12699	40
12700	40
12701	40
12702	40
12703	40
12704	40
12705	40
12706	40
12707	40
12708	40
12709	40
12710	32
12711	31
12712	32
12713	33
12714	34
12715	32
12716	30
12717	29
12718	30
12719	31
12720	30
12721	33
12722	34
12723	32
12724	31
12725	31
12726	31
12727	31
12728	31
12729	31
12730	31
12731	31
12732	31
12733	32
12734	32
12735	32
12736	33
12737	35
12738	37
12739	38
12740	38
12741	35
12742	32
12743	32
12744	32
12745	32
12746	32
12747	32
12748	32
12749	32
12750	32
12751	33
12752	34
12753	32
12754	29
12755	31
12756	33
12757	34
12758	32
12759	34
12760	35
12761	37
12762	35
12763	35
12764	35
12765	35
12766	35
12767	35
12768	35
12769	35
12770	35
12771	35