310	0	0
310	0	0
310	0	0310	0
	0
310	0	0
275	0	0
293	0	0
277	0	0
264	0	0
306	0	0
264	0	0
307	0	0
260	0	0
293	0	0
260	0	0
277	0	0
306	0	0
277	0	0
310	0	0
293	0	0
294	0	0
293	0	0
293	0	0
264	0	0
277	0	0
277	0	0
293	0	0
246	0	0
310	0	0
260	0	0
293	0	0
293	0	0
277	0	0
293	0	0
277	0	0
293	0	0
294	0	0
306	0	0
293	0	0
260	0	277	00
	0
293	0	0
293	0	0
293	0	0
277	0	0
293	0	0
260	0	0
246	0	0
275	0	0
275	0	0
294	0	0
277	0	0
260	0	0
293	0	0
293	0	0
293	0	0
293	0	0
293	0	0
293	0	0
293	0	0
293	0	0
278	0	0
277	0	0
277	0	0
294	0	0
260	0	0
278	0	0
277	0	0
294	0	0
294	0	0
293	0	0
310	0	0
260	0	0
277	0	0
243	0	0
264	0	0
293	0	0
278	0	0
277	0	0
260	0	0
293	0	0
306	0	0
260	0	0
307	0	0
264	0	0
277	0	0
277	0	0
275	0	0
293	0	0
264	0	0
275	0	0
264	0	0
293	0	0
293	0	0
293	0	0
277	0	0
260	0	0
293	0	0
293	0	0
277	0	0
264	0	0
264	0	0
293	0	0
277	0	0
293	0	0
293	0	0
294	0	0
293	0	0
277	0	0
278	0	0
277	0	0
293	0	0
278	0	0
260	0	0
260	0	0
260	0	0
260	0	0
310	0	0
293	0	0
293	0	0
277	0	0
277	0	0
264	0	0
293	0	0
264	0	0
306	0	0
293	0	0
277	0	0
293	0	0
323	0	0
277	0	0
264	0	0
260	0	0
310	0	0
294	0	0
264	0	0
293	0	0
293	0	0
278	0	0
260	0	0
293	0	0
278	0	0
260	0	0
260	0	0
242	0	0
246	0	0
293	0	0
277	0	0
277	0	0
275	0	0
289	0	0
293	0	0
293	0	0
310	0	0
293	0	0
277	0	0
277	0	0
293	0	0
260	0	0
277	0	0
278	0	0
293	0	0
293	0	0
293	0	0
277	0	0
293	0	0
278	0	0
293	0	0
260	0	0
277	0	0
277	0	0
275	0	0
293	0	0
293	0	0
264	0	0
260	0	0
293	0	0
278	0	0
310	0	0
293	0	0
264	0	0
277	0	0
278	0	0
278	0	0
277	0	0
277	0	0
277	0	0
293	0	0
294	0	0
293	0	0
260	0	0
275	0	0
281	0	0
293	0	0
260	0	0
264	0	0
293	0	0
293	0	0
310	0	0
294	0	0
264	0	0
289	0	0
294	0	0
293	0	0
310	0	0
306	0	0
310	0	0
277	0	0
260	0	0
293	0	0
278	0	0
264	293	0	0
260	0	0
0	0
293	0	0
293	0	0
293	0	0
293	0	0
293	0	0
293	0	0
293	0	0
293	0	0
293	0	0
293	0	0
293	0	0
294	0	0
277	0	0
260	0	0
275	0	0
275	0	0
277	0	0
246	0	0
293	0	0
277	0	0
293	0	0
293	0	0
260	0	0
310	0	0
264	0	0
310	0	0
293	0	0
281	0	0
310	0	0
293	0	0
277	0	0
293	0	0
293	0	0
293	0	0
293	0	0
293	0	0
293	0	0
277	0	0
293	0	0
293	0	0
289	0	0
293	0	0
293	0	0
260	0	0
310	0	0
277	0	0
278	0	0
275	0	0
277	0	0
277	0	0
246	0	0
260	0	0
310	0	0
281	0	0
310	0	0
275	0	0
264	0	0
275	0	0
260	0	0
310	0	0
264	0	0
264	0	0
293	0	0
260	0	0
310	0	0
310	0	0
310	0	0
293	0	0
293	0	0
277	0	0
306	0	0
294	0	0
293	0	0
260	0	0
293	0	0
277	0	0
278	0	0
277	0	0
293	0	0
277	0	0
277	0	0
278	0	0
277	0	0
293	0	0
260	0	0
294	0	0
260	0	0
294	0	0
293	0	0
310	0	0
294	0	0
293	0	0
294	0	0
293	0	0
260	0	0
275	0	0
310	0	0
293	0	0
293	0	0
310	0	0
277	0	0
277	0	0
310	0	0
277	0	0
260	0	0
293	0	0
277	0	0
293	0	0
293	0	0
277	0	0
277	0	0
277	0	0
277	0	0
277	0	0
277	0	0
277	0	0
277	0	0
277	0	0
277	0	0
246	0	0
277	0	0
275	0	0
293	0	0
260	0	0
293	0	0
277	0	0
310	0	0
294	0	0
293	0	0
275	0	0
264	0	0
277	0	0
293	0	0
277	0	0
293	0	0
277	0	0
243	0	0
293	0	0
294	0	0
310	0	0
277	0	0
277	0	0
293	0	0
294	0	0
293	0	0
310	0	0
277	0	0
277	0	0
277	0	0
277	0	0
294	0	0
306	0	0
293	0	0
277	0	0
294	0	0
294	0	0
277	0	0
293	0	0
293	0	0
293	0	0
293	0	0
293	0	0
277	0	0
293	0	0
277	0	0
294	0	0
277	0	0
275	0	0
341	0	0
294	0	0
277	0	0
294	0	0
293	0	0
294	0	0
310	0	0
264	0	0
260	0	0
293	0	0
277	0	0
277	0	0
277	0	0
277	0	0
277	0	0
293	0	0
294	0	0
293	0	0
310	0	0
277	0	0
307	0	0
323	0	0
306	0	0
310	0	0
310	0	0
277	0	0
277	0	0
310	0	0
293	0	0
277	0	0
293	0	0
277	0	0
275	0	0
294	0	0
306	0	0
294	0	0
310	0	0
293	0	0
310	0	0
310	0	0
293	0	0
277	0	0
293	0	0
294	0	0
289	0	0
293	0	0
277	0	0
277	0	0
277	0	0
277	0	0
277	0	0
277	0	0
277	0	0
277	0	0
277	0	0
277	0	0
277	0	0
277	0	0
277	0	0
277	0	0
277	0	0
277	0	0
293	0	0
264	0	0
260	0	0
293	0	0
278	0	0
277	0	0
310	0	0
293	0	0
323	0	0
293	0	0
293	0	0
264	0	0
277	0	0
260	0	0
293	0	0
278	0	0
277	0	0
277	0	0
293	0	0
293	0	0
277	0	0
310	0	0
294	0	0
277	0	0
293	0	0
294	0	0
277	0	0
293	0	0
294	0	0
277	0	0
310	0	0
293	0	0
277	0	0
275	0	0
293	0	0
293	0	0
277	0	30
293	0	30
11057	0	30
15715	0	30
17079	27	30
17713	15	30
7914	0	30
8679	0	30
15066	-11	30
17427	12	30
19063	15	30
14572	0	30
11729	0	30
16575	0	30
18523	6	30
19210	10	30
17360	8	30
15143	0	30
15256	0	30
18016	0	30
19072	10	30
19227	10	30
16408	10	30
15352	5	30
15187	5	30
17064	8	30
17903	11	30
17101	12	30
15788	11	30
14972	8	30
15173	8	30
16451	10	30
17020	15	30
16555	15	30
14536	12	30
13891	11	30
14887	12	30
15654	14	30
15505	16	30
14691	16	30
13575	15	30
13187	15	30
13429	15	30
13500	17	30
13469	17	30
12664	18	30
12364	18	30
11856	19	30
11633	19	30
11210	19	30
11005	19	30
10928	19	30
10847	21	30
10826	21	30
10046	21	30
9722	21	30
9661	21	30
9587	21	30
9562	21	30
9553	21	30
9531	21	30
9498	22	30
9498	22	30
9498	22	30
9498	22	30
9498	22	30
9498	22	30
9498	22	30
9498	22	30
9498	22	30
8810	29	30
8759	28	30
6277	28	30
5559	31	30
5431	32	30
4317	31	30
3508	31	30
3543	33	30
3619	33	30
2854	31	30
2546	33	30
3180	34	30
2663	31	30
2073	31	30
2990	32	30
3319	32	30
3057	30	30
2903	31	30
3582	31	30
3516	31	30
3438	31	30
3432	32	30
3415	32	30
3079	32	30
2901	32	30
2860	32	30
2808	32	30
2804	32	30
2797	31	30
2784	32	30
3121	32	30
2896	32	30
2765	32	30
2740	32	30
2710	32	30
2691	32	30
2700	32	30
2696	32	30
2680	32	30
2667	32	30
2678	32	30
2670	32	30
2689	32	30
2651	31	30
2651	31	30
3021	31	30
3160	31	30
3197	33	30
3206	34	30
2449	34	30
1772	34	30
1546	31	30
1431	31	30
2439	31	30
2873	33	30
2981	35	30
2289	34	30
1247	30	30
1167	29	30
2621	29	30
2621	29	30
2621	29	30
2621	29	30
3987	34	30
3938	32	30
2230	32	30
2125	30	30
2158	30	30
2881	32	30
3174	33	30
2536	33	30
1894	32	30
1615	31	30
1882	31	30
2323	33	30
2476	33	30
1797	33	30
1463	33	30
1374	33	30
1295	33	30
1271	34	30
1227	33	30
823	33	30
1025	33	30
1107	33	30
1093	34	30
1096	34	30
705	35	30
578	36	30
150	37	30
-376	37	30
-922	37	30
-1050	36	30
-1153	35	30
-1040	34	30
-641	34	30
-182	33	30
104	33	30
336	33	30
556	34	30
607	34	30
406	34	30
196	34	30
112	35	30
63	34	30
63	34	30
63	34	30
63	34	30
63	34	30
-22	32	30
-34	33	30
636	33	30
530	33	30
447	33	30
447	33	30
398	33	30
404	34	30
404	33	30
55	33	30
278	33	30
357	33	30
390	33	30
375	32	30
369	33	30
703	33	30
467	34	30
360	34	30
-39	33	30
-204	33	30
100	32	30
201	32	30
589	32	30
709	31	30
738	31	30
1113	31	30
1224	32	30
1240	32	30
909	34	30
753	33	30
47	33	30
61	33	30
127	32	30
108	32	30
447	32	30
569	32	30
583	32	30
546	32	30
561	30	30
521	30	30
1207	30	30
1470	32	30
1534	32	30
789	32	30
533	32	30
491	32	30
416	31	30
410	31	30
757	31	30
818	32	30
847	32	30
542	31	30
370	30	30
684	29	30
1124	32	30
1632	32	30
744	32	30
378	31	30
296	31	30
571	31	30
675	31	30
670	31	30
674	31	30
650	30	30
629	30	30
960	30	30
1090	30	30
1127	31	30
1138	31	30
772	31	30
644	32	30
32621		30
264	33	30
119	32	30
-263	32	30
-73	31	30
6	31	30
356	31	30
471	31	30
471	31	30
495	30	30
491	31	30
806	31	30
617	31	30
521	31	30
510	32	30
501	32	30
161	32	30
46	31	30
15	30	30
335	30	30
834	30	30
941	30	30
976	30	30
1030	31	30
1012	30	30
677	30	30
880	31	30
880	31	30
880	31	30
880	31	30
880	31	30
880	31	30
880	31	30
880	31	30
582	31	30
566	31	30
587	30	30
589	30	30
906	30	30
1052	30	30
1071	30	30
1095	32	30
1096	33	30
407	33	30
-185	33	30
-360	33	30
-417	32	30
-427	30	30
-87	30	30
744	30	30
1016	28	30
1065	28	30
1843	28	30
2113	29	30
2165	30	30
1848	30	30
1343	32	30
1161	33	30
411	34	30
-207	33	30
-757	31	30
-587	31	30
221	29	30
424	29	30
1209	29	30
1489	30	30
1501	30	30
1202	30	30
10151	3	30
997	31	30
579	30	30
470	30	30
791	30	30
876	30	30
893	330
0912	3	0	30
898	30	30
908	29	30
872	30	30
1240	30	30
1009	30	30
906	29	30
888	29	30
1207	30	30
1341	31	30
996	30	30
514	29	30
697	28	30
1090	29	30
1617	31	30
1439	31	30
663	30	30
361	27	30
631	27	30
1797	28	30
2282	32	30
2082	32	30
2082	32	30
2082	32	30
2082	32	30
2082	32	30
-203	30	30
-216	30	30
454	30	30
699	31	30
730	31	30
409	29	30
261	28	30
924	29	30
1544	30	30
1401	31	30
993	30	30
470	29	30
676	29	30
1135	30	30
1307	31	30
989	31	30
544	30	30
390	29	30
704	29	30
1169	29	30
1301	29	30
1366	29	30
1371	30	30
1398	30	30
1076	30	30
912	30	30
917	30	30
891	31	30
930	31	30
781	31	30
536	30	30
536	30	30
660	29	30
859	29	30
1306	29	30
1451	29	30
1474	29	30
1511	29	30
1528	30	30
1558	30	30
1355	31	30
1133	32	30
722	34	30
257	34	30
257	34	30
257	34	30
257	34	30
-1049	31	30
-1068	30	30
-44	29	30
695	28	30
1230	27	30
1787	27	30
2339	27	30
2575	29	30
2631	32	30
1900	33	30
625	35	30
-226	35	30
-1160	35	30
-1550	33	30
-1647	32	30
-955	29	30
-366	29	30
786	28	30
1227	28	30
1651	28	30
1832	30	30
1882	31	30
1157	31	30
543	30	30
346	30	30
486	30	30
712	29	30
731	30	30
981	30	30
908	30	30
851	29	30
747	29	30
951	29	30
1222	30	30
1216	30	30
870	30	30
749	29	30
710	29	30
1012	29	30
1157	29	30
1190	30	30
1209	30	30
860	28	30
733	27	30
1381	29	30
1381	29	30
1381	29	30
1328	29	30
1288	28	30
1272	30	30
1645	32	30
1063	33	30
139	32	30
-521	28	30
-393	28	30
1082	28	30
1627	32	30
1810	33	30
412	32	30
-506	26	30
-360	25	30
1826	26	30
3028	35	30
3029	36	30
-290	36	30
-1805	24	30
-2188	23	30
1773	26	30
3867	35	30
3346	37	30
-97	33	30
-2078	26	30
-1172	26	30
1500	28	30
2581	33	30
2205	33	30
233	3	30
0-461	29	30
438	31	30
1107	31	30
648	30	30
470	30	30
756	30	30
857	29	30
895	30	30
1250	29	30
1040	29	30
1280	29	30
1416	29	30
1438	30	30
1475	30	30
1147	31	30
1041	32	30
674	34	30
172	34	30
-672	34	30
-986	34	30
-1032	34	30
-1096	31	30
-1096	31	30
-111	29	30
269	28	30
1040	28	30
1691	27	30
1878	28	30
2329	29	30
2088	30	30
1643	32	30
1144	35	30
246	35	30
-1024	34	30
-1529	34	30
-1327	32	30
-1227	29	30
-560	29	30
753	28	30
1133	27	30
1637	28	30
2146	29	30
1915	29	30
1490	30	30
1318	30	30
921	31	30
766	29	30
419	29	30
949	29	30
1182	29	30
1245	30	30
1263	30	30
921	29	30
776	29	30
1079	29	30
1180	30	30
1199	31	30
845	29	30
378	29	30
878	29	30
1102	29	30
1161	30	30
1199	29	30
833	29	30
1065	28	30
1176	28	30
1547	29	30
1714	29	30
1396	29	30
1273	29	30
1240	29	30
1242	31	30
1255	31	30
547	31	30
260	31	30
205	29	30
228	29	30
631	29	30
1173	30	30
1250	30	30
886	30	30
762	28	30
740	28	30
1408	29	30
1740	31	30
1471	31	30
653	31	30
350	28	30
350	28	30
350	28	30
350	28	30
350	28	30
350	28	30
1920	30	30
1982	29	30
1268	29	30
1354	29	30
1421	29	30
1436	29	30
1458	30	30
1504	30	30
1181	29	30
1029	29	30
1380	30	30
1509	30	30
1181	30	30
1093	30	30
1053	30	30
1034	30	30
1060	30	30
1044	31	30
1031	31	30
702	31	30
584	32	30
558	32	30
221	33	30
86	33	30
-313	32	30
-441	32	30
-120	31	30
-8	30	30
364	30	30
622	29	30
986	29	30
1352	29	30
1437	29	30
1533	29	30
1545	31	30
1548	32	30
861	32	30
252	33	30
47	33	30
-369	32	30
-513	31	30
-238	30	30
226	29	30
704	29	30
1225	29	30
1369	29	30
1408	29	30
1408	29	30
1408	29	30
1408	29	30
1408	29	30
1408	29	30
1408	29	30
1408	29	30
1400	30	30
1419	30	30
1040	30	30
924	31	30
872	31	30
505	30	30
376	30	30
658	30	30
748	30	30
764	30	30
771	30	30
731	30	30
729	30	30
737	30	30
713	29	30
733	29	30
1079	29	30
1223	30	30
1227	30	30
909	29	30
808	29	30
1144	31	30
1261	31	30
578	31	30
339	31	30
254	30	30
240	29	30
562	29	30
1083	30	30
1220	30	30
908	30	30
775	29	30
774	29	30
1125	28	30
1237	30	30
1672	31	30
1393	31	30
1393	31	30
1393	31	30
322	28	30
325	29	30
1378	30	30
1427	30	30
1040	30	30
930	29	30
871	29	30
1214	29	30
1357	30	30
1426	30	30
1099	30	30
958	29	30
980	29	30
1310	29	30
1477	30	30
1490	30	30
1174	30	30
1063	29	30
1045	29	30
1392	29	30
1520	29	30
1552	29	30
1590	30	30
1593	30	30
1255	30	30
1132	30	30
1106	31	30
1103	31	30
790	31	30
667	32	30
650	31	30
280	31	30
488	30	30
604	29	30
932	29	30
1417	29	30
1596	29	30
1624	29	30
1654	30	30
1655	30	30
1296	30	30
1144	30	30
1144	31	30
1102	31	30
786	30	30
629	30	30
949	29	30
1054	29	30
1535	29	30
1642	29	30
1624	29	30
1611	29	30
1592	29	30
1605	29	30
1582	29	30
1577	30	30
1595	30	30
1241	30	30
1097	30	30
1048	30	30
1028	29	30
1015	30	30
1358	30	30
30	30
1030	1144	30	30
1018	30	30
991	30	30
987	30	30
953	31	30
956	30	30
585	30	30
813	31	30
884	31	30
538	30	30
414	29	30
703	29	30
1197	29	30
1375	29	30
1430	29	30
1452	29	30
1464	29	30
1497	30	30
1471	30	30
1331	31	30
1032	31	30
628	29	30
452	29	30
1144	30	30
1404	30	30
1120	30	30
995	30	30
943	29	30
967	29	30
1315	29	30
1441	29	30
1512	30	30
1532	29	30
1211	29	30
1406	29	30
1563	30	30
1580	30	30
1237	30	30
1094	29	30
1065	29	30
1429	29	30
1573	29	30
1645	29	30
1674	30	30
1660	29	30
1340	29	30
1555	29	30
1692	29	30
1743	29	30
1748	30	30
1761	30	30
1761	30	30
1761	30	30
1761	30	30
1761	30	30
1761	30	30
1761	30	30
1761	30	30
1761	30	30
1282	29	30
1298	28	30
1651	29	30
2211	30	30
2053	30	30
1607	30	30
1451	30	30
1384	30	30
1385	30	30
1408	30	30
1406	31	30
1403	31	30
992	29	30
876	29	30
1566	29	30
1841	29	30
1875	30	30
1945	29	30
1567	29	30
1765	29	30
1928	29	30
1917	29	30
1928	32	30
1936	33	30
799	30	30
97	29	30
916	29	30
1578	29	30
1802	29	30
1834	29	30
1854	29	30
1840	29	30
1826	29	30
1836	29	30
1826	30	30
1840	30	30
1489	30	30
1333	30	30
1307	30	30
1276	31	30
1256	30	30
887	29	30
1099	30	30
1527	30	30
1320	29	30
1217	30	30
1217	30	30
1217	30	30
1217	30	30
1217	30	30
1217	30	30
1217	30	30
1217	30	30
1217	30	30
1217	30	30
1217	30	30
1176	30	30
1176	30	30
1162	29	30
1153	30	30
1541	30	30
1305	30	30
1195	31	30
1198	31	30
825	31	30
657	32	30
651	32	30
304	31	30
135	31	30
457	30	30
600	30	30
947	29	30
1116	29	30
1498	29	30
1647	30	30
1709	31	30
1351	31	30
860	30	30
720	30	30
1018	30	30
1158	30	30
1213	29	30
1213	29	30
-741	29	30
857	28	30
1584	29	30
2108	31	30
2038	31	30
1484	30	30
1014	30	30
1028	28	30
1253	28	30
1253	28	30
1253	28	30
1253	28	30
2481	32	30
2516	31	30
1085	29	30
902	25	30
1586	25	30
3288	29	30
4055	33	30
2835	33	30
860	29	30
183	23	30
1438	23	30
4168	29	30
5251	37	30
3347	37	30
-470	30	30
-1634	22	30
449	22	30
4119	30	30
5591	40	30
3175	40	30
-1432	29	30
-3166	16	30
200	16	30
6240	31	30
8674	46	30
3924	46	30
-3372	28	30
-6146	13	30
-524	13	30
7098	31	30
10030	41	30
4436	41	30
-1422	29	30
-3555	23	30
79	23	30
3706	29	30
4956	32	30
3200	31	30
1246	31	30
1004	31	30
952	31	30
935	31	30
909	30	30
872	30	30
1221	30	30
1353	30	30
1377	30	30
1375	29	30
1341	29	30
1698	29	30
1834	30	30
1867	30	30
1512	31	30
1387	33	30
995	34	30
131	34	30
-504	35	30
-721	36	30
-1150	34	30
-1672	33	30
-1193	32	30
-636	30	30
-105	28	30
743	28	30
1725	27	30
2100	28	30
2562	28	30
2420	30	30
2298	31	30
1568	35	30
930	36	30
-655	36	30
-1583	36	30
-1853	36	30
-1936	32	30
-1995	29	30
-625	29	30
943	28	30
1440	27	30
1919	29	30
2467	29	30
1935	30	30
1726	31	30
1326	31	30
826	31	30
705	31	30
664	31	30
657	29	30
661	29	30
1338	30	30
1642	30	30
1365	31	30
1267	30	30
873	29	30
1101	29	30
1535	30	30
1699	31	30
1413	31	30
938	29	30
794	28	30
1436	28	30
2070	30	30
2324	31	30
1711	31	30
1095	29	30
868	26	30
1181	26	30
1181	26	30
1181	26	30
1181	26	30
1181	26	30
1181	26	30
1181	26	30
1181	26	30
1181	26	30
1181	26	30
1181	26	30
1181	26	30
1181	26	30
1181	26	30
1181	26	30
1181	26	30
3960	30	30
3983	30	30
2523	30	30
1965	28	30
1800	27	30
2431	29	30
3082	31	30
2608	32	30
1649	31	30
915	29	30
1014	29	30
1771	29	30
2060	32	30
2134	32	30
1071	31	30
646	31	30
881	31	30
954	32	30
984	32	30
602	32	30
489	32	30
430	32	30
404	32	30
397	31	30
343	31	30
674	31	30
774	31	30
768	31	30
776	32	30
746	33	30
404	35	30
-60	35	30
-939	36	30
-1256	36	30
-1722	35	30
-1926	32	30
-1622	32	30
-495	31	30
-84	29	30
363	29	30
1254	29	30
1488	30	30
1580	30	30
1265	32	30
1141	34	30
426	34	30
426	34	30
426	34	30
426	34	30
426	34	30
426	34	30
426	34	30
426	34	30
426	34	30
426	34	30
426	34	30
-1088	30	30
-1096	30	30
199	30	30
712	30	30
874	30	30
891	30	30
918	30	30
958	30	30
951	30	30
981	30	30
965	30	30
1003	30	30
1003	30	30
1025	31	30
1028	30	30
690	30	30
879	30	30
994	30	30
1005	30	30
1045	30	30
1047	30	30
1053	29	30
1067	29	30
1435	29	30
1586	29	30
1625	30	30
1672	30	30
1275	31	30
1191	31	30
782	31	30
641	30	30
634	30	30
791	30	30
1014	30	30
1111	30	30
1104	29	30
1084	29	30
1265	28	30
1265	28	30
1265	28	30
1265	28	30
2176	30	30
2186	30	30
1503	29	30
1208	29	30
1476	29	30
1581	29	30
1612	29	30
1643	30	30
1610	29	30
1300	29	30
1465	29	30
1581	29	30
1560	29	30
1626	29	30
1612	29	30
1604	29	30
1584	30	30
1576	30	30
1222	30	30
1067	30	30
1021	30	30
1002	30	30
984	30	30
987	30	30
964	30	30
952	29	30
949	29	30
1294	30	30
1387	30	30
1120	31	30
998	32	30
640	33	30
134	33	30
-392	33	30
-568	33	30
-633	31	30
-676	31	30
38	30	30
276	29	30
669	29	30
1173	29	30
1333	29	30
1359	30	30
1388	30	30
1064	31	30
911	32	30
558	31	30
97	31	30
292	31	30
381	31	30
397	29	30
448	29	30
1108	29	30
1385	29	30
1432	29	30
1458	29	30
1465	30	30
1503	30	30
1158	30	30
1000	30	30
979	31	30
989	31	30
671	31	30
567	31	30
555	30	30
535	30	30
901	30	30
1028	30	30
1064	29	30
1088	30	30
1433	31	30
1214	31	30
775	32	30
620	32	30
247	31	30
101	30	30
390	29	30
854	29	30
1367	29	30
1585	29	30
1648	29	30
1681	29	30
1674	29	30
1672	29	30
1725	30	30
1736	31	30
1360	31	30
1089	31	30
780	30	30
780	30	30
993	30	30
1120	30	30
1123	30	30
1157	30	30
1119	29	30
1102	29	30
1503	29	30
1628	29	30
1650	29	30
1677	30	30
1679	30	30
1459	30	30
1459	30	30
1459	30	30
1459	30	30
1459	30	30
1459	30	30
1088	29	30
1051	29	30
1413	29	30
1551	29	30
1595	29	30
1599	30	30
1574	29	30
1252	29	30
1418	29	30
1541	29	30
1544	30	30
1581	30	30
1581	30	30
1072	30	30
1037	28	30
995	29	30
1722	29	30
1613	29	30
1559	29	30
1555	29	30
1538	29	30
1562	29	30
1538	30	30
1550	31	30
1212	31	30
713	31	30
551	30	30
489	30	30
831	30	30
951	30	30
991	29	30
1007	29	30
1342	29	30
1509	29	30
1542	29	30
1535	29	30
1573	29	30
1605	29	30
1590	30	30
1628	30	30
1287	31	30
1151	30	30
781	29	30
971	29	30
1444	29	30
1603	29	30
1675	29	30
1695	29	30
1698	29	30
1663	29	30
1702	29	30
1759	29	30
1718	30	30
1764	30	30
1412	31	30
1309	32	30
914	31	30
456	30	30
502	31	30
836	31	30
964	29	30
811	29	30
811	29	30
811	29	30
811	29	30
811	29	30
811	29	30
811	29	30
811	29	30
1905	32	30
1922	32	30
891	32	30
477	32	30
407	32	30
343	31	30
343	29	30
698	29	30
1541	29	30
1796	29	30
1877	29	30
1908	30	30
1900	31	30
1537	32	30
1019	32	30
551	32	30
349	32	30
288	31	30
277	30	30
605	30	30
1077	30	30
1246	30	30
1230	30	30
1234	30	30
1227	31	30
1226	31	30
850	31	30
740	30	30
676	29	30
968	29	30
1427	30	30
1624	30	30
1327	30	30
1198	30	30
1138	29	30
1120	29	30
1464	30	30
1578	30	30
1270	30	30
1127	30	30
1127	30	30
1127	30	30
1062	30	30
1059	29	30
1041	29	30
1361	29	30
1512	30	30
1558	30	30
1215	29	30
1043	28	30
1363	28	30
1870	29	30
2067	31	30
1794	31	30
952	31	30
648	29	30
554	29	30
1236	30	30
1517	31	30
1239	32	30
730	31	30
243	29	30
283	28	30
1183	29	30
1813	30	30
1782	30	30
1480	31	30
1167	31	30
886	30	30
886	30	30
912	29	30
1036	30	30
1437	30	30
1224	31	30
1150	31	30
746	29	30
594	29	30
1302	29	30
-768	30	30
686	30	30
1104	30	30
1072	31	30
1182	31	30
804	31	30
696	31	30
668	31	30
648	31	30
692	30	30
661	30	30
1017	30	30
1127	30	30
1176	30	30
1196	30	30
1186	30	30
1191	31	30
1206	31	30
874	32	30
759	32	30
370	34	30
257	33	30
-459	33	30
-411	33	30
-346	32	30
-1255	31	30
-331	30	30
410	30	30
935	27	30
1110	27	30
2188	28	30
2686	28	30
2449	28	30
2326	32	30
2314	35	30
902	35	30
-690	36	30
-1249	36	30
-1748	34	30
-1957	32	30
-1356	31	30
-429	28	30
242	28	30
1447	28	30
1896	29	30
1985	29	30
1673	30	30
1524	32	30
1134	32	30
301	31	30
135	31	30
241	30	30
241	30	30
546	30	30
546	30	30
546	30	30
546	30	30
546	30	30
855	29	30
825	30	30
1175	30	30
943	31	30
825	30	30
649	29	30
529	28	30
529	28	30
529	28	30
529	28	30
529	28	30
1889	30	30
1902	29	30
1195	28	30
1279	28	30
1737	28	30
1896	32	30
1950	32	30
561	32	30
3	29	30
-104	28	30
887	28	30
1645	32	30
1868	33	30
511	31	30
-374	27	30
68	24	30
1623	27	30
3323	32	30
2928	37	30
879	37	30
-1585	29	30
-2474	24	30
75	24	30
2799	32	30
3847	36	30
1356	36	30
-1062	29	30
-1891	26	30
255	26	30
2156	31	30
2851	32	30
1342	32	30
318	30	30
41	30	30
629	31	30
875	31	30
518	30	30
500	30	30
825	30615	31	30
	30
978	30	30
972	30	30
991	30	30
986	30	30
989	30	30
1003	30	30
1004	32	30
1030	32	30
365	32	30
106	34	30
40	34	30
-669	33	30
-938	33	30
-663	33	30
-584	29	30
-558	29	30
844	29	30
1310	28	30
1310	28	30
1310	28	30
1900	29	30
2025	30	30
1848	32	30
1440	33	30
336	35	30
-20	35	30
-20	35	30
-20	35	30
-20	35	30
-20	35	30
-1726	29	30
-1786	29	30
207	28	30
947	28	30
1508	28	30
1705	29	30
1691	30	30
1401	30	30
885	30	30
723	30	30
697	30	30
732	30	30
716	30	30
688	30	30
695	29	30
713	29	30
1030	29	30
1147	29	30
1169	31	30
1156	31	30
457	30	30
191	28	30
468	28	30
1227	29	30
1559	31	30
1304	31	30
494	28	30
196	27	30
1122	26	30
1889	29	30
2515	30	30
1707	30	30
952	28	30
728	28	30
1358	29	30
1647	32	30
1375	32	30
223	31	30
-211	27	30
16	27	30
1499	28	30
2133	32	30
1953	32	30
1210	32	30
1210	32	30
-269	25	30
-328	27	30
2126	29	30
2426	34	30
1673	34	30
-304	29	30
-1109	25	30
527	25	30
2491	31	30
3227	33	30
1345	33	30
-68	28	30
-551	26	30
971	27	30
2407	31	30
2501	32	30
1726	32	30
518	29	30
-29	28	30
443	29	30
1302	29	30
1618	30	30
1525	30	30
1290	30	30
1041	30	30
981	30	30
936	30	30
949	30	30
942	30	30
957	30	30
958	30	30
983	31	30
983	31	30
983	31	30
983	31	30
534	32	30
520	30	30
200	31	30
729	30	30
605	30	30
837	30	30
969	29	30
973	30	30
1310	30	30
1095	30	30
1000	31	30
975	31	30
619	32	30
510	31	30
132	32	30
310	31	30
65	30	30
289	30	30
753	29	30
849	29	30
1225	29	30
1366	29	30
1359	29	30
1401	30	30
1395	30	30
993	30	30
893	30	30
875	31	30
824	31	30
479	30	30
359	30	30
665	30	30
768	29	30
794	30	30
1143	30	30
920	30	30
827	30	30
769	30	30
749	31	30
733	30	30
372	30	30
585	31	30
673	30	30
333	30	30
559	28	30
643	29	30
1388	29	30
1282	30	30
1241	29	30
875	29	30
1112	29	30
1224	30	30
1259	31	30
917	31	30
428	30	30
295	30	30
578	30	30
689	30	30
741	29	30
713	29	30
1066	29	30
1221	29	30
1257	29	30
1271	29	30
1281	29	30
1304	29	30
1327	29	30
1339	29	30
1389	29	30
1396	29	30
1379	29	30
1395	29	30
1410	29	30
1422	29	30
1422	29	30
1435	29	30
1489	29	30
1460	30	30
1481	30	30
1158	30	30
993	29	30
1010	29	30
1342	29	30
1508	29	30
1553	29	30
1574	30	30
1601	30	30
1260	29	30
1122	29	30
1424	29	30
1583	29	30
1634	29	30
1639	30	30
1670	29	30
1345	29	30
1566	30	30
1620	32	30
1347	32	30
557	31	30
265	31	30
536	30	30
648	30	30
1005	30	30
1162	29	30
1159	29	30
1542	29	30
1660	30	30
1717	29	30
1379	30	30
1581	30	30
1301	30	30
1186	31	30
1156	31	30
808	30	30
668	30	30
983	30	30
1102	30	30
1118	30	30
1121	30	30
1126	29	30
1101	29	30
1297	29	30
1553	29	30
1608	30	30
1618	29	30
1448	29	30
1448	29	30
1448	29	30
1448	29	30
1448	29	30
1448	29	30
1448	29	30
1448	29	30
1448	29	30
1448	29	30
1448	29	30
1609	30	30
1589	30	30
1252	30	30
1097	31	30
1053	31	30
683	31	30
547	31	30
483	30	30
462	29	30
795	29	30
1272	29	30
1468	29	30
1518	29	30
1546	29	30
1544	29	30
1564	29	30
1572	30	30
1590	31	30
1216	31	30
736	31	30
561	30	30
530	30	30
861	30	30
974	30	30
999	30	30
1021	30	30
1023	30	30
1024	30	30
1029	29	30
1055	29	30
1403	29	30
1549	30	30
1621	30	30
1300	30	30
1166	29	30
1136	30	30
1452	29	30
1273	29	30
1510	29	30
1646	30	30
1674	30	30
1353	30	30
1250	29	30
1229	28	30
1528	29	30
2095	30	30
2040	30	30
2040	30	30
2040	30	30
2040	30	30
2040	30	30
2040	30	30
2040	30	30
1282	28	30
1283	29	30
2008	30	30
1965	30	30
1550	28	30
1415	28	30
2094	29	30
2286	29	30
2254	31	30
2030	31	30
1674	31	30
1674	31	30
952	29	30
911	30	30
1245	31	30
1510	30	30
1070	30	30
1259	29	30
1360	29	30
1729	30	30
1900	30	30
1620	30	30
1427	30	30
1402	30	30
1408	30	30
1381	33	30
1375	33	30
305	31	30
-80	29	30
468	29	30
1388	29	30
1741	30	30
1757	29	30
1475	29	30
1664	29	30
1771	29	30
1779	29	30
1779	29	30
1807	30	30
1799	30	30
1475	30	30
1299	31	30
1276	30	30
886	31	30
1079	31	30
830	30	30
675	30	30
978	30	30
1096	29	30
1108	30	30
1481	31	30
1254	31	30
805	31	30
639	32	30
576	32	30
253	31	30
106	31	30
408	31	30
537	30	30
552	30	30
903	30	30
1038	30	30
1078	29	30
1056	29	30
1412	30	30
1563	30	30
1233	31	30
1138	32	30
743	32	30
494	32	30
183	32	30
50	31	30
32	29	30
196	29	30
196	29	30
196	29	30
196	29	30
196	29	30
196	29	30
196	29	30
1635	31	30
1675	30	30
1003	31	30
1075	29	30
788	29	30
1381	29	30
1655	29	30
1678	29	30
1778	30	30
1759	30	30
1440	29	30
1303	29	30
1634	29	30
1781	30	30
1811	30	30
1501	30	30
1370	29	30
1358	28	30
1668	30	30
2188	30	30
1685	30	30
1427	28	30
1381	27	30
2067	28	30
2764	30	30
2659	31	30
1857	30	30
1217	27	30
1354	27	30
2552	29	30
3025	33	30
2448	33	30
771	31	30
131	26	30
635	26	30
2654	28	30
3466	35	30
2971	35	30
245	29	30
-781	24	30
1011	24	30
3508	28	30
4528	37	30
3360	37	30
-352	30	30
-1214	27	30
335	24	30
2200	29	30
3895	34	30
2844	34	30
470	29	30
-358	28	30
1046	28	30
2022	29	30
2332	31	30
2090	31	30
1252	31	30
897	31	30
844	31	30
789	31	30
781	30	30
743	31	30
1109	30	30
860	30	30
1090	29	30
1169	29	30
1520	29	30
1615	29	30
1720	30	30
1735	30	30
1548	30	30
1233	32	30
1205	33	30
518	33	30
155	34	30
155	34	30
155	34	30
155	34	30
-936	31	30
-936	31	30
53	30	30
404	28	30
804	28	30
1659	28	30
2023	29	30
2125	29	30
1801	30	30
1678	34	30
1293	34	30
-257	34	30
-765	35	30
-951	35	30
-1297	32	30
-1501	31	30
-466	29	30
272	28	30
1084	28	30
1786	29	30
1991	29	30
1760	30	30
1608	30	30
1223	30	30
1111	30	30
1133	30	30
1104	30	30
1128	30	30
1142	29	30
1142	29	30
1502	29	30
1671	30	30
1715	30	30
1365	30	30
1231	30	30
1184	29	30
1193	29	30
1551	29	30
1688	30	30
1753	30	30
1437	30	30
1310	28	30
1268	28	30
1964	28	30
2287	30	30
2393	31	30
1708	30	30
1054	27	30
1224	26	30
2376	29	30
3242	33	30
2445	35	30
677	33	30
-666	27	30
-398	24	30
1826	26	30
1826	26	30
1826	26	30
1826	26	30
1826	26	30
1826	26	30
3676	29	30
3721	29	30
2648	29	30
2176	28	30
2060	27	30
2401	28	30
2887	29	30
2756	31	30
2756	31	30
1401	29	30
1088	28	30
1646	28	30
2270	30	30
2475	31	30
1802	31	30
1161	30	30
938	30	30
1199	30	30
1349	30	30
1370	32	30
1382	32	30
680	31	30
395	31	30
658	31	30
745	31	30
740	30	30
728	31	30
1045	31	30
821	31	30
728	31	30
692	32	30
661	33	30
337	34	30
-148	34	30
-665	34	30
-873	34	30
-920	33	30
-971	31	30
-639	3153	290	30
	30
769	29	30
1309	28	30
1492	29	30
1916	29	30
1717	30	30
1639	32	30
1281	33	30
461	34	30
-181	34	30
-731	34	30
-866	33	30
-944	32	30
-655	30	30
-178	29	30
643	29	30
1273	28	30
1495	28	30
1891	30	30
2056	31	30
1416	31	30
817	31	30
636	32	30
573	32	30
270	30	30
137	30	30
787	29	30
1023	29	30
1461	29	30
1618	30	30
1670	30	30
1343	30	30
1343	30	30
1343	30	30
1343	30	30
1343	30	30
1343	30	30
1343	30	30
1343	30	30
1343	30	30
1210	29	30
1219	29	30
1592	29	30
1739	30	30
1803	30	30
1480	29	30
1354	30	30
1650	30	30
1420	32	30
1420	32	30
616	31	30
333	29	30
580	29	30
1369	30	30
1701	30	30
1414	31	30
1301	29	30
903	29	30
1433	28	30
1670	30	30
2056	31	30
1534	31	30
974	29	30
738	29	30
1403	29	30
1651	31	30
1698	31	30
1067	31	30
762	29	30
663	28	30
1308	28	30
1922	29	30
2182	31	30
1873	31	30
1042	30	30
720	29	30
946	29	30
1390	30	30
1557	31	30
1255	30	30
780	30	30
929	30	30
1023	31	30
1030	30	30
680	30	30
864	29	30
969	29	30
1329	29	30
1329	29	30
1525	31	30
1564	32	30
856	33	30
230	33	30
-314	34	30
-519	34	30
-920	32	30
-1088	31	30
-454	31	30
144	30	30
325	29	30
712	29	30
1162	30	30
1340	30	30
1056	30	30
959	31	30
911	32	30
546	32	30
95	32	30
-3	31	30
-65	31	30
254	30	30
398	30	30
398	30	30
886	29	30
886	29	30
1297	29	30
1397	29	30
1432	30	30
1432	30	30
1432	30	30
1432	30	30
1432	30	30
1432	30	30
1025	31	30
1046	30	30
734	30	30
917	30	30
1027	30	30
1079	30	30
1085	30	30
1070	30	30
1074	31	30
1082	31	30
740	32	30
599	32	30
256	31	30
90	30	30
413	30	30
871	29	30
1045	29	30
1431	29	30
1608	29	30
1672	29	30
1688	29	30
1706	30	30
1696	30	30
1354	30	30
1207	31	30
1179	31	30
834	30	30
691	30	30
982	30	30
1085	30	30
1117	29	30
1144	29	30
1482	29	30
1596	29	30
1639	29	30
1684	30	30
1679	29	30
1310	29	30
1524	29	30
1648	30	30
1651	30	30
1307	30	30
1134	29	30
1112	29	30
1449	29	30
1593	29	30
1631	29	30
1600	29	30
1608	29	30
1622	29	30
1591	29	30
1613	29	30
1594	29	30
1606	29	30
1606	29	30
1609	30	30
1606	30	30
1236	29	30
1085	29	30
1391	28	30
1515	29	30
1909	29	30
1733	29	30
1609	29	30
1600	29	30
1591	29	30
1609	30	30
1603	31	30
1264	32	30
775	32	30
248	30	30
72	30	30
702	29	30
951	30	30
1363	30	30
1153	30	30
1038	29	30
1038	29	30
1350	29	30
1535	30	30
1599	29	30
1249	29	30
1432	29	30
1550	31	30
1627	31	30
959	31	30
653	30	30
621	30	30
930	30	30
1052	29	30
