88	0	0
88	0	0
87	0	0
88	0	0
88	0	0
90	0	0
106	0	0
106	0	0
125	0	0
72	0	0
90	0	0
106	0	0
88	0	0
88	0	0
107	0	0
88	0	0
88	0	0
72	0	0
88	0	0
88	0	0
88	0	0
74	0	0
106	0	0
90	0	0
90	0	0
106	0	0
106	0	0
90	0	0
88	0	0
87	0	0
87	0	0
110	0	0
125	0	0
90	0	0
125	0	0
107	0	0
88	0	0
106	0	0
106	0	0
109	0	0
106	0	0
106	0	0
88	0	0
87	0	0
90	0	0
87	0	0
87	0	0
88	0	0
107	0	0
107	0	0
90	0	0
85	0	0
88	0	0
123	0	0
87	0	0
106	0	0
107	0	0
90	0	0
88	0	0
88	0	20
1774	0	20
8706	0	20
10849	-5	20
11801	0	20
13436	0	20
12348	2	20
11897	2	20
11271	3	20
11132	3	20
10859	3	20
10848	3	20
10943	3	20
11078	3	20
11190	3	20
11280	3	20
11423	3	20
11423	3	20
11577	4	20
11593	4	20
11593	4	20
11310	5	20
11319	6	20
10930	6	20
10573	7	20
10460	7	20
10166	7	20
10100	7	20
10151	8	20
10151	8	20
9969	8	20
9969	8	20
9878	8	20
9910	8	20
9983	9	20
9936	10	20
9773	10	20
9354	10	20
9200	12	20
9178	12	20
8577	12	20
8273	13	20
8222	13	20
7916	14	20
7769	14	20
7442	15	20
7140	16	20
6720	16	20
6263	18	20
5999	18	20
5300	18	20
5075	18	20
5024	18	20
5024	18	20
5036	17	20
5110	16	20
5568	16	20
6041	15	20
6264	15	20
6650	15	20
6773	15	20
6823	15	20
6848	15	20
6861	16	20
6831	17	20
6409	17	20
5981	17	20
5865	20	20
5630	20	20
4584	21	20
4181	22	20
3736	24	20
3049	24	20
3049	241975	24	20
	20
1829	23	20
1762	23	20
1776	21	20
2085	20	20
3086	19	20
3086	19	20
3712	18	20
4468	19	20
4802	20	20
4492	20	20
4027	21	20
3905	22	20
3406	22	20
2915	22	20
2915	22	20
2744	21	20
2802	20	20
2802	20	20
3224	20	20
3628	20	20
3820	21	20
3717	21	20
3386	21	20
3273	21	20
3231	21	20
3206	21	20
3226	22	20
3138	21	20
2873	21	20
3067	21	20
3168	22	20
3102	22	20
2740	22	20
2621	22	20
2574	21	20
2574	21	20
2615	21	20
2967	22	20
3061	22	20
2688	21	20
2688	21	20
2688	21	20
3012	21	20
3059	22	20
3077	22	20
2748	22	20
2550	21	20
2472	21	20
2766	21	20
2880	21	20
3011	22	20
3022	22	20
2689	22	20
2506	21	20
2456	21	20
2863	24	20
2684	24	20
1647	24	20
1302	22	20
1368	21	20
2095	22	20
2545	24	20
2171	25	20
1316	24	20
798	20	20
1286	20	20
2640	22	20
2931	26	20
1976	26	20
482	22	20
180	17	20
1069	17	20
3959	24	20
4174	31	20
1185	31	20
-1787	19	20
-1641	13	20
2528	13	20
5712	29	20
5979	32	20
29	30	20
-2558	16	20
-1657	15	20
3060	18	20
4704	30	20
3636	30	20
-844	24	20
-844	24	20
-110	18	20
722	24	20
2356	25	20
881	24	20
158	23	20
385	23	20
653	24	20
682	23	20
392	24	20
520	24	20
233	23	20
249	23	20
511	23	20
549	23	20
548	22	20
565	22	20
565	22	20
917	22	20
941	23	20
922	23	20
875	23	20
427	24	20
383	26	20
275	26	20
-213	26	20
-979	28	20
-1198	28	20
-2189	25	20
-2168	25	20
-1273	24	20
-953	21	20
-344	20	20
797	20	20
1391	19	20
1601	19	20
2019	21	20
1961	22	20
1961	22	20
697	25	20
595	26	20
-393	27	20
-1159	27	20
-1930	27	20
-2090	27	20
-2169	24	20
-2247	22	20
-1370	22	20
1	19	20
415	18	20
1568	20	20
2010	20	20
1532	20	20
1391	23	20
1093	23	20
129	23	20
-151	24	20
-259	24	20
-622	22	20
-560	22	20
41	21	20
234	21	20
613	21	20
743	21	20
725	21	20
745	21	20
716	21	20
735	21	20
737	21	20
746	21	20
771	21	20
771	21	20
746	21	20
779	21	20
756	21	20
741	21	20
729	22	20
700	21	20
392	21	20
636	21	20
715	22	20
666	22	20
350	22	20
249	21	20
287	21	20
599	21	20
691	21	20
709	21	20
723	21	20
704	20	20
709	20	20
993	20	20
1164	21	20
1198	21	20
901	21	20
765	20	20
729	20	20
1032	21	20
1208	21	20
859	21	20
764	21	20
737	21	20
729	21	20
734	21	20
695	21	20
682	21	20
683	21	20
673	21	20
660	21	20
604	21	20
632	20	20
716	20	20
1025	20	20
1126	20	20
1138	20	20
1145	20	20
1119	20	20
1152	20	20
1143	20	20
1140	20	20
1135	20	20
1117	20	20
1120	20	20
1121	20	20
1098	20	20
1101	21	20
1017	20	20
738	20	20
738	20	20
1013	20	20
1015	21	20
1032	21	20
952	20	20
597	20	20
551	20	20
969	21	20
935	21	20
619	20	20
619	20	20
896	20	20
957	20	20
1010	20	20
1010	20	20
996	20	20
992	20	20
969	20	20
952	20	20
952	20	20
940	20	20
928	20	20
929	20	20
939	20	20
909	20	20
902	19	20
987	19	20
1310	20	20
1343	20	20
1015	19	20
1015	19	20
1227	19	20
1385	20	20
1405	20	20
1078	20	20
945	21	20
874	21	20
532	21	20
428	22	20
330	22	20
-23	21	20
-40	21	20
263	21	20
326	21	20
361	20	20
426	19	20
834	19	20
1344	18	20
1344	18	20
1841	19	20
1925	19	20
1572	19	20
1492	20	20
1433	20	20
1433	20	20
1010	20	20
977	21	20
870	20	20
623	20	20
847	20	20
935	20	20
958	19	20
1051	19	20
1367	20	20
1408	20	20
1116	19	20
1084	20	20
1373	20	20
1073	19	20
1141	19	20
1472	19	20
1534	19	20
1577	19	20
1597	19	20
1578	19	20
1599	20	20
1534	19	20
1289	19	20
1547	20	20
1546	20	20
1216	19	20
1210	20	20
1474	20	20
1236	20	20
1189	20	20
1157	20	20
1166	20	20
1153	20	20
1181	19	20
1238	20	20
1238	20	20
1540	20	20
1299	20	20
1241	20	20
1231	19	20
1331	19	20
1654	20	20
1686	20	20
1377	20	20
1280	21	20
1197	21	20
858	21	20
755	20	20
745	20	20
1032	20	20
1182	19	20
1243	19	20
1578	19	20
1753	19	20
1807	19	20
1848	19	20
1865	20	20
1847	19	20
1805	1920
	1819	19	20
1912	19	20
1928	19	20
1946	20	20
1886	20	20
1527	20	20
1420	20	20
1402	20	20
1386	20	20
1389	20	20
1402	21	20
1402	21	20
1314	21	20
863	19	20
1000	19	20
1638	19	20
1857	20	20
1828	20	20
1476	20	20
1476	20	20
1388	18	20
1508	19	20
2112	20	20
2019	20	20
1523	20	20
1408	18	20
1470	18	20
2173	19	20
2370	20	20
2026	20	20
1534	20	20
1418	19	20
1431	19	20
1769	19	20
1854	20	20
1818	20	20
1495	19	20
1452	19	20
1762	19	20
1854	19	20
1883	19	20
1907	20	20
1794	20	20
1446	18	20
1452	18	20
2167	19	20
2167	19	20
2322	21	20
2005	21	20
1087	18	20
1113	18	20
2051	19	20
2291	21	20
1879	21	20
1113	20	20
944	18	20
1298	18	20
2094	18	20
2348	21	20
2204	20	20
2204	20	20
1258	19	20
1294	18	20
1579	18	20
2101	19	20
2342	20	20
2104	21	20
1624	19	20
1109	19	20
1470	18	20
1781	20	20
2162	21	20
1756	21	20
1152	21	20
827	20	20
872	20	20
1192	21	20
1208	21	20
891	21	20
795	20	20
826	20	20
1128	20	20
1265	20	20
1275	20	20
1255	20	20
1269	20	20
1283	19	20
1351	19	20
1709	19	20
1829	19	20
1850	19	20
1865	19	20
1859	20	20
1848	20	20
1475	20	20
1377	20	20
1379	20	20
20
1329	201334	21	20
1022	20	20
	1275	20	20
1339	21	20
1294	19	20
1076	19	20
1076	19	20
1815	19	20
1880	19	20
1937	19	20
1949	20	20
1953	20	20
1888	19	20
1549	20	20
1787	20	20
1536	20	20
1493	21	20
1413	21	20
1051	21	20
1051	21	20
971	21	20
921	21	20
914	21	20
943	20	0
21002	21	20
1257	21	20
1028	20	20
1028	20	20
1349	21	20
1367	20	20
1136	20	20
1372	21	20
1372	21	20
1154	21	20
1009	21	20
956	21	20
945	21	20
939	22	20
903	22	20
552	22	20
459	21	20
497	21	20
806	21	20
897	20	20
1014	20	20
1334	20	20
1417	20	20
1454	20	20
1466	20	20
1450	20	20
1464	20	20
1480	19	20
1517	19	20
1517	19	20
2017	21	20
1932	21	20
1225	20	20
1094	21	20
1317	21	20
1021	21	20
948	21	20
948	21	20
917	21	20
917	21	20
894	20	20
953	20	20
1257	20	20
1354	20	20
1370	20	20
1386	21	20
1295	20	20
1078	20	20
1283	20	20
1375	20	20
1358	21	20
1343	20	20
1027	20	20
1241	20	20
1346	21	20
1248	21	20
944	21	20
803	20	20
880	20	20
1161	20	20
1238	20	20
1254	20	20
1252	20	20
1226	19	20
1349	19	20
1662	20	20
1651	20	20
1360	20	20
1271	20	20
1257	20	20
1231	20	20
1231	20	20
1219	1920
	1304	20	20
1557	20	20
1302	20	20
1224	2020
	1212	20	20
1169	20	20
1168	20	20
1174	20	20
1151	20	20
1150	20	20
1149	20	20
1145	20	20
1149	19	20
1117	20	20
1428	19	20
1318	20	20
1293	20	20
1483	20	20
1262	19	20
1164	18	20
1662	20	20
1928	20	20
1928	20	20
1206	20	20
1193	19	20
1194	20	20
1560	21	20
1224	21	20
777	21	20
685	21	20
641	20	20
676	20	20
1034	20	20
1034	20	20
1128	21	1063	2020
	20
782	19	20
1104	19	20
1506	20	20
1589	21	20
1176	21	20
735	19	20
786	18	20
1532	19	20
2006	21	20
1721	21	20
926	21	20
726	20	20
705	19	20
1118	19	20
1562	21	20
1547	21	20
909	21	20
719	19	20
852	19	20
1477	20	20
1644	20	20
1313	20	20
1216	20	20
1199	19	20
1267	19	20
1650	20	20
1676	20	20
1362	20	20
1287	20	20
1273	20	20
1269	20	20
1286	21	20
1212	21	20
879	20	20
879	20	20
1082	20	20
1233	21	20
1261	20	20
1223	20	20
917	20	20
1285	20	20
1286	20	20
1305	20	20
1305	20	20
1323	20	20
1295	19	20
1316	19	20
1624	20	20
1788	20	20
1566	20	20
1410	21	20
1353	22	20
1068	22	20
609	22	20
401	24	20
340	23	20
-283	22	20
-337	22	20
26	22	20
215	21	20
248	20	20
745	19	20
1224	19	20
1672	19	20
1787	19	20
1823	19	20
1853	19	20
1866	20	20
1814	21	20
1421	21	20
949	21	20
816	22	20
746	22	20
374	23	20
198	23	20
-161	24	20
-394	23	20
-677	22	20
-430	21	20
16	21	20
481	20	20
636	19	20
1054	20	20
1430	19	20
1248	19	20
1518	20	20
1549	21	20
1136	21	20
706	21	20
629	21	20
603	21	20
558	21	20
575	20	20
537	20	20
579	20	20
942	20	20
1039	19	20
1044	19	20
1401	20	20
1412	20	20
1136	20	20
1048	20	20
1016	20	20
981	20	20
983	20	20
983	20	20
974	20	20
974	20	20
972	20	20
970	20	20
967	20	20
966	20	20
940	20	20
956	20	20
943	20	20
932	20	20
899	20	20
915	19	20
975	19	20
1313	20	20
1361	21	20
978	21	20
516	19	20
508	18	20
1240	18	20
1764	20	20
1857	22	20
1054	22	20
141	18	20
155	16	20
1651	16	20
2743	24	20
2386	24	20
-233	22	20
-793	13	20
248	13	20
3536	20	20
4293	32	20
1399	32	20
1399	32	20
-4733	10	20
-4262	4	20
-4262	4	20
3636	15	20
8674	43	20
3045	36	20
-7145	11	20
-5864	-10	20
3494	-10	20
12355	42	20
13992	63	20
-5087	53	20
-16487	-18	20
-10969	-31	20
8138	-14	20
14431	78	20
14949	78	20
-11016	35	20
-16201	-4	20
-12018	-22	20
7768	14	20
13425	58	20
3609	58	20
-13744	0	20
-14718	0	20
4178	-10	20
8961	40	20
12660	42	20
-3542	29	20
-8901	13	20
-4106	11	20
2256	17	20
4392	25	20
2474	25	20
-656	19	20
-926	19	20
729	19	20
1224	21	20
1212	20	20
649	20	20
826	19	20
826	19	20
1124	20	20
1347	20	20
1283	20	20
998	20	20
923	20	20
907	20	20
905	20	0
2920	20	20
919	20	20
901	20	20
908	21	20
847	21	20
533	21	20
441	21	20
433	22	20
337	22	20
337	22	20
-88	22	20
-107	22	20
-117	21	20
-44	21	20
284	20	20
458	20	20
794	20	20
888	20	20
888	20	20
905	20	20
893	20	20
880	20	20
897	20	20
880	21	20
828	21	20
466	21	20
386	22	20
300	22	20
-42	22	20
-161	22	20
-179	23	20
-280	21	20
-515	21	20
76	21	20
228	20	20
299	19	20
654	19	20
1131	19	20
1223	19	20
1265	19	20
1279	20	20
1214	20	20
865	21	20
722	21	20
390	21	20
260	20	20
345	20	20
616	20	20
706	20	20
706	19	20
761	19	20
1080	20	20
1106	20	20
790	20	20
717	20	20
682	20	20
685	20	20
677	20	20
714	19	20
721	19	20
1045	20	20
1112	20	20
771	20	20
683	20	20
667	20	20
650	20	20
631	20	20
617	20	20
618	20	20
634	20	20
625	20	20
599	19	20
680	19	20
999	19	20
1101	21	20
939	21	20
314	18	20
369	17	20
996	17	20
1763	20	20
2098	21	20
1310	21	20
475	19	20
190	17	20
692	17	20
1710	20	20
2018	22	20
876	21	20
-23	18	20
328	18	20
1352	18	20
1656	22	20
1389	22	20
73	21	20
-232	19	20
188	19	20
892	20	20
1075	22	20
682	22	20
-134	20	20
-247	18	20
477	18	20
1359	20	20
1488	22	20
678	22	20
-166	19	20
-228	16	20
997	16	20
2320	21	20
2306	24	20
491	24	20
-923	16	20
-789	15	20
1950	15	20
3078	24	20
3033	25	20
-241	23	20
-1361	14	20
-1361	14	20
1703	15	20
3443	24	20
3703	27	20
2837	27	20
-293	21	20
-2270	14	20
-2376	14	20
2895	22	20
3154	25	20
401	25	20
-1201	19	20
-1184	17	20
774	17	20
774	17	20
2143	23	20
2361	23	20
396	21	20
-416	19	20
-75	19	20
775	20	20
1205	21	20
853	21	20
454	20	20
441	20	20
719	20	20
801	20	20
2826	20	0
823	20	20
823	20	20
829	20	20
840	21	20
811	21	20
451	21	20
359	21	20
352	21	20
346	21	20
353	22	20
261	22	20
-76	22	20
-184	22	20
-216	22	20
-233	21	20
-137	20	20
264	20	20
664	19	20
806	19	20
1211	19	20
1315	19	20
1340	19	20
1364	19	20
1358	19	20
1363	20	20
1360	20	20
1304	20	20
856	21	20
789	21	20
448	21	20
327	21	20
330	21	20
294	21	20
287	21	20
269	21	20
246	19	20
363	19	20
1040	19	20
1238	19	20
1281	19	20
1312	20	20
1312	20	20
1245	20	20
756	20	20
743	21	20
717	20	20
411	20	20
660	20	20
706	20	20
711	20	20
732	19	20
785	20	20
865	20	20
746	20	20
720	20	20
692	20	20
678	20	20
665	20	20
654	20	20
650	20	20
645	20	20
671	20	20
653	20	20
652	20	20
650	20	20
631	20	20
648	20	20
633	20	20
634	20	20
623	20	20
612	21	20
528	21	20
209	20	20
131	20	20
463	20	20
527	20	20
544	20	20
544	20	20
527	20	20
538	19	20
595	19	20
933	19	20
1049	19	20
1068	20	20
1006	20	20
678	20	20
603	19	20
651	19	20
1000	20	20
1032	21	20
616	21	20
217	21	20
88	20	20
119	20	20
443	21	20
471	21	20
170	21	20
66	19	20
149	19	20
848	20	20
965	20	20
676	20	20
584	19	20
669	18	20
983	18	20
1481	20	20
1503	21	20
1057	21	20
267	18	20
267	18	20
1345	18	20
1608	20	20
1551	21	20
846	21	20
334	18	20
317	17	20
1422	18	20
2012	22	20
2012	22	20
178	20	20
-71	17	20
746	17	20
1868	20	20
1979	21	20
1043	21	20
409	18	20
409	18	20
1445	18	20
1768	19	20
1794	21	1366	2120
	20
584	20	20
433	18	20
852	18	20
1609	19	20
1806	21	20
1603	21	20
892	20	20
487	18	20
486	18	20
868	19	20
1697	20	20
1845	20	20
1071	20	20
982	19	20
1026	19	20
1353	20	20
1376	20	20
1081	20	20
988	19	20
968	19	20
1254	20	20
1437	20	20
1198	20	20
1053	20	20
1005	20	20
1004	21	20
952	21	20
602	21	20
528	20	20
615	21	20
849	20	20
663	20	20
920	20	20
1000	20	20
1016	20	20
1038	20	20
1024	21	20
984	20	20
649	19	20
951	19	20
1425	19	20
1510	20	20
1464	20	20
1116	20	20
1038	20	20
1046	20	20
1011	20	20
997	21	20
934	20	20
661	20	20
890	20	20
972	20	20
1013	20	20
984	20	20
984	20	20
993	20	20
991	19	20
1022	19	20
1422	20	20
1422	20	20
1191	19	20
1036	20	20
1254	20	20
1102	20	20
997	19	20
960	20	20
1220	20	20
1102	20	20
930	20	20
930	19	20
995	20	20
1237	20	20
1020	20	20
957	20	20
914	20	20
914	20	20
886	20	20
858	20	20
887	20	20
878	20	20
872	20	20
871	21	20
791	20	20
506	20	20
746	20	20
806	20	20
821	20	20
811	21	20
728	21	20
408	21	20
311	21	20
263	21	20
257	21	20
240	21	20
239	20	20
259	19	20
631	19	20
1084	19	20
1216	19	20
1242	19	20
1272	19	20
1282	19	20
1269	19	20
1299	19	20
1308	19	20
1320	19	20
1320	20	20
1320	20	20
939	20	20
831	20	20
831	20	20
808	20	20
795	20	20
804	20	20
773	21	20
682	20	20
466	20	20
704	20	20
787	20	20
770	20	20
780	20	20
794	20	20
794	20	20
781	20	20
806	20	20
834	19	20
906	19	20
1207	20	20
1207	20	20
1247	20	20
844	20	20
846	20	20
830	20	20
898	20	20
872	20	20
865	20	20
887	20	20
897	20	20
840	20	20
871	20	20
876	19	20
929	19	20
1286	20	20
1306	20	20
1011	20	20
932	19	20
965	20	20
1315	20	20
1045	20	20
1045	20	20
962	19	20
958	19	20
1044	20	20
1390	20	20
1449	20	20
1125	20	20
1013	19	20
1013	19	20
1425	20	20
1498	21	20
1115	20	20
715	19	20
991	18	20
1479	18	20
1962	21	20
1920	21	20
923	21	20
635	18	20
773	18	20
1783	19	20
2045	21	20
1669	21	20
884	20	20
745	18	20
1143	18	20
1964	21	20
2000	22	20
940	22	20
327	19	20
280	18	20
1351	19	20
1995	23	20
1442	23	20
57	21	20
-143	19	20
578	18	20
1488	21	20
1931	21	20
930	21	20
684	19	20
772	18	20
1463	19	20
1463	19	20
1729	20	20
1615	20	20
1615	20	20
1138	20	20
1150	19	20
1207	20	20
1517	20	20
1243	24	20
899	24	20
-479	21	20
-685	19	20
400	19	20
1295	21	20
1351	21	20
729	20	20
634	19	20
982	19	20
1391	20	20
1417	20	20
1141	20	20
1039	20	20
1024	20	20
1005	20	20
1012	20	20
1012	20	20
977	20	20
953	20	20
963	20	20
981	20	20
964	21	20
958	20	20
904	21	20
597	21	20
539	20	20
489	20	20
807	20	20
886	19	20
951	20	20
1243	20	20
963	20	20
878	20	20
851	20	20
855	20	20
830	19	20
830	19	20
1135	20	20
1306	21	20
1051	21	20
617	21	20
398	22	20
263	21	20
-33	21	20
214	21	20
271	21	20
275	20	20
345	20	20
686	20	20
763	19	20
825	18	20
1256	19	20
1639	20	20
1389	19	20
1007	19	20
1250	21	20
1213	21	20
538	20	20
446	21	20
688	21	20
405	21	20
328	21	20
280	21	20
281	21	20
270	21	20
280	21	20
292	20	20
322	20	20
659	19	20
829	19	20
1183	19	20
1299	19	20
1320	20	20
1282	20	20
1282	20	20
861	20	20
861	20	20
830	20	20
867	20	20
855	20	20
861	20	20
855	19	20
927	19	20
1264	19	20
1264	19	20
1429	20	20
1450	20	20
1131	20	20
954	20	20
918	19	20
928	19	20
1237	19	20
1394	19	20
1436	20	20
1469	20	20
1121	20	20
1013	18	20
1136	18	20
1852	20	20
1925	21	20
1204	21	20
710	18	20
758	18	20
1755	18	20
2059	22	20
2088	22	20
556	20	20
286	17	20
985	17	20
2228	20	20
2511	24	20
1259	24	20
-379	18	20
-589	13	20
1615	13	20
4099	23	20
4241	27	20
613	27	20
-1681	13	20
-2105	9	20
3331	11	20
6356	28	20
5705	31	20
-919	27	20
-919	27-2964	6	20
	20
-2793	6	20
3560	21	20
6096	23	20
3943	39	20
2316	39	20
-275	16	20
-8010	2	20
1186	2	20
8490	32	20
8758	45	20
-2396	0	20
-6269	0	20
7068	0	20
11226	34	20
10054	42	20
-2336	34	20
-8038	-2	20
-8038	-2	20
8571	9	20
8571	9	20
8786	50	20
5278	21	20
-7721	15	20
-1195	1	20
3973	3	20
9605	35	20
9449	35	20
-2289	30	20
-5389	9	20
-3150	9	20
4389	17	20
4389	17	20
3896	27	20
2434	20	20
-501	19	20
838	20	20
1596	20	20
1310	20	20
1306	22	20
1145	22	20
424	22	20
274	22	20
207	22	20
204	21	20
235	21	20
235	21	20
632	21	20
600	21	20
599	21	20
587	21	20
586	21	20
546	21	20
546	21	20
518	21	20
499	21	20
487	21	20
493	21	20
472	21	20
461	21	20
462	22	20
388	22	20
50	22	20
-51	22	20
-70	23	20
-177	23	20
-531	22	20
-571	23	20
-345	22	20
-522	21	20
-199	21	20
199	21	20
199	21	20
296	19	20
444	20	20
1012	20	20
1012	20	20
804	20	20
797	21	20
760	22	20
331	22	20
331	22	20
-190	24	20
-411	24	20
-1040	23	20
-1157	23	20
-895	23	20
-819	20	20
-609	20	20
391	20	20
630	19	20
756	19	20
1121	20	20
1133	20	20
844	21	20
719	21	20
320	21	20
272	21	20
293	20	20
293	20	20
643	20	20
738	20	20
732	20	20
776	20	20
762	20	20
771	20	20
778	20	20
788	19	20
865	20	20
1118	20	20
892	20	20
801	20	20
826	20	20
847	19	20
871	20	20
1205	20	20
936	21	20
822	20	20
535	19	20
820	20	20
1206	20	20
1206	20	20
928	19	20
965	19	20
1318	20	20
1353	20	20
1045	20	20
953	19	20
981	19	20
1321	19	20
1383	19	20
1464	20	20
1483	20	20
1198	20	20
1015	18	20
1101	18	20
1790	19	20
1968	21	20
1519	21	20
803	18	20
832	16	20
1908	16	20
2924	22	20
2728	24	20
600	22	20
-456	16	20
135	16	20
2436	17	20
3049	27	20
2205	27	20
-1318	22	20
-2049	11	20
423	11	20
4435	21	20
5414	35	20
1037	35	20
-4856	16	20
-5555	-3	20
1924	-3	20
10639	32	20
10388	49	20
-1514	49	20
-10797	-5	20
-11066	-25	20
7867	-13	20
15658	61	20
12018	61	20
-10035	41	20
-10035	41	20
-12719	-28	20
-8375	9	20
-8375	9	20
8284	54	20
5331	51	20
5331	51	20
-13193	2	20
-13102	-8	20
-1657	-6	20
9960	30	20
14057	46	20
4308	42	20
-6723	17	20
-10475	4	20
-3976	4	20
4375	16	20
8085	26	20
5612	26	20
696	21	20
-1545	17	20
-108	16	20
1736	18	20
2414	18	20
1938	18	20
1738	19	20
1686	19	20
1350	19	20
1286	19	20
1258	18	20
1229	18	20
1609	18	20
1729	18	20
1767	18	20
1791	18	20
1826	18	20
1783	18	20
1804	18	20
1803	18	20
1835	19	20
1816	19	20
1449	19	20
1343	19	20
1303	21	20
1162	21	20
506	21	20
302	22	20
253	22	20
-155	21	20
-184	21	20
23	21	20
169	19	20
184	18	20
360	18	20
1142	18	20
1611	18	20
1744	17	20
1818	17	20
2266	18	20
2319	18	20
2028	18	20
1949	19	20
1899	20	20
1456	20	20
1027	21	20
870	22	20
410	22	20
-23	21	20
-33	21	20
220	21	20
316	19	20
426	19	20
1130	18	20
1362	17	20
1883	18	20
2259	19	20
2012	19	20
1563	19	20
1563	19	20
1471	21	20
1366	20	20
726	20	20
896	20	20
970	20	20
937	18	20
1010	19	20
1713	19	20
1572	19	20
1549	19	20
1565	19	20
1537	20	20
1519	19	20
1218	19	20
1463	20	20
1509	20	20
1182	20	20
1105	19	20
1153	19	20
1487	19	20
1568	19	20
1626	19	20
1653	20	20
1603	20	20
1268	20	20
1158	19	20
1241	19	20
1560	20	20
1560	20	20
1287	20	20
1220	19	20
1287	19	20
1600	20	20
1633	20	20
1312	20	20
1234	19	20
1280	19	20
1605	19	20
1712	21	20
1712	21	20
951	19	20
829	17	20
1661	17	20
2589	20	20
2704	21	20
1651	21	20
1003	18	20
968	18	20
2024	18	20
2375	21	20
2237	21	20
1197	21	20
880	20	20
903	20	20
1190	20	20
1306	21	20
1244	20	20
985	20	20
1204	20	20
1281	20	20
1296	20	20
1295	20	20
1297	20	20
1283	19	20
1308	19	20
1680	19	20
1802	20	20
1763	20	20
1451	20	20
1451	20	20
1292	18	20
1396	18	20
2110	20	20
2203	20	20
1534	20	20
1329	19	20
1321	18	20
1718	19	20
2143	20	20
1883	20	20
1438	20	20
1304	19	20
1360	19	20
1696	19	20
1773	20	20
1770	20	20
1383	20	20
1275	19	20
1331	19	20
1666	19	20
1785	19	20
1808	20	20
1744	20	20
1386	19	20
1386	19	20
1386	19	20
1739	20	20
1719	20	20
1719	20	20
1719	20	20
1238	20	20
1229	20	20
1207	20	20
1200	20	20
1191	19	20
1247	19	20
1601	20	20
1620	20	20
1306	19	20
1283	19	20
1595	20	20
1659	20	20
1314	20	20
1226	21	20
1150	21	20
784	21	20
691	21	20
648	22	20
623	22	20
261	22	20
136	21	20
153	21	20
487	21	20
567	20	20
636	19	20
1056	19	20
1500	19	20
1607	19	20
1659	19	20
1678	19	20
1677	19	20
1690	20	20
1653	20	20
1296	20	20
1174	21	20
1120	20	20
827	21	20
1017	21	20
762	21	20
762	21	20
635	20	20
700	20	20
943	20	20
1084	20	20
1156	20	20
1166	20	20
1195	20	20
1147	20	20
1198	20	20
1167	20	20
1191	19	20
1195	19	20
1499	19	20
1649	19	20
1766	18	20
1760	19	20
2063	19	20
1998	19	20
1890	19	20
1851	20	20
1815	19	20
1504	19	20
1771	21	20
1750	20	20
1093	20	20
1246	20	20
1334	20	20
1316	20	20
1357	20	20
1353	20	20
1365	20	20
1395	20	20
1395	20	20
1384	20	20
1360	20	20
1403	20	20
1397	20	20
1402	20	20
1420	20	20
1420	20	20
1409	21	20
1406	21	20
1024	21	20
912	21	20
885	20	20
20
925	20	1279	20	20
1379	20	20
1410	20	20
1435	20	20
1435	20	20
1445	20	20
1449	19	20
1478	19	20
1518	19	20
1883	19	20
2008	20	20
1978	20	20
1632	20	20
1509	20	20
1499	21	20
1407	21	20
1089	21	20
979	20	20
1004	20	20
1324	20	20
1324	20	20
1443	20	20
1442	20	20
1463	20	20
1450	20	20
1458	19	20
1523	19	20
1900	19	20
1932	20	20
1925	20	20
1573	20	20
1496	20	20
1458	19	20
1487	19	20
1837	20	20
1886	20	20
1571	20	20
1480	20	20
1411	20	20
1422	20	20
1457	20	20
1450	19	20
1442	19	20
1777	20	20
1777	20	20
1777	20	20
1777	20	20
1777	20	20
1777	20	20
1777	20	20
1365	19	20
1366	19	20
1761	20	20
1807	20	20
1478	20	20
1388	19	20
1445	19	20
1754	19	20
1863	20	20
1780	20	20
1462	20	20
1353	19	20
1353	19	20
1744	20	20
1758	20	20
1439	21	20
1289	18	20
1017	18	20
1990	18	20
2323	21	20
2214	20	20
1253	19	20
1282	18	20
1755	18	20
2215	20	20
2322	21	20
1579	20	20
1013	20	20
1241	20	20
1292	21	20
1270	21	20
939	21	20
809	20	20
872	20	20
1176	21	20
1210	21	20
874	21	20
765	21	20
756	20	20
830	20	20
1144	20	20
1144	20	20
1261	20	20
1251	19	20
1306	19	20
1672	20	20
1773	20	20
1386	20	20
1307	20	20
1288	20	20
1267	20	20
1294	21	20
1254	21	20
909	20	20
872	20	20
1187	21	20
1264	21	20
893	20	20
861	21	20
1133	20	20
945	19	20
945	19	20
1684	19	20
1830	19	20
1830	19	20
1830	19	20
1830	19	20
1830	19	20
1830	19	20
1926	20	20
1878	20	20
1566	20	20
1446	20	20
1456	21	20
1371	21	20
1013	21	20
1013	21	20
1013	21	20
1013	21	20
901	20	20
889	21	20
1207	21	20
1045	20	20
932	20	20
1205	20	20
1394	20	20
1415	20	20
1411	20	20
1441	20	20
1438	21	20
1395	21	20
1037	22	20
914	22	20
533	22	20
423	22	20
413	22	20
397	22	20
394	21	20
419	21	20
762	20	20
908	20	20
1264	20	20
1369	20	20
1369	20	20
1420	19	20
1480	19	20
1864	19	20
1976	19	20
1999	19	20
2021	20	20
1989	20	20
1594	21	20
1424	21	20
1069	21	20
949	21	20
913	22	20
864	21	20
558	22	20
743	21	20
493	21	20
661	20	20
802	20	20
1076	20	20
1306	20	20
1309	20	20
1313	20	20
1350	20	20
1337	20	20
1349	20	20
1327	21	20
1342	20	20
1007	21	20
1136	21	20
1016	20	20
807	20	20
1077	20	20
1191	20	20
1268	20	20
1242	20	20
1257	20	20
1260	20	20
1255	19	20
1270	20	20
1503	20	20
1314	20	20
1218	20	20
1216	20	20
1210	20	20
1199	20	20
1204	20	20
1211	19	20
1266	19	20
1597	20	20
1657	20	20
1302	20	20
1191	20	20
1195	20	20
1153	20	20
1159	20	20
1152	20	20
1133	19	20
1187	19	20
1517	19	20
1621	20	20
1613	21	20
1221	20	20
792	18	20
1125	18	20
1913	19	20
2134	21	20
1702	21	20
897	18	20
843	17	20
1923	17	20
2573	21	20
2627	23	20
2627	23	20
-58	18	20
-24	17	20
1687	17	20
2542	24	20
2356	24	20
-103	23	20
-688	16	20
-91	16	20
2382	20	20
2897	26	20
2034	26	20
-394	21	20
-1614	15	20
217	14	20
2934	22	20
3623	25	20
843	25	20
-934	17	20
-843	15	20
1848	16	20
3373	23	20
3140	25	20
435	23	20
-871	17	20
-178	17	20
1995	19	20
2488	23	20
1883	23	20
176	21	20
-243	18	20
435	19	20
1728	20	20
1685	20	20
1300	21	20
1149	21	20
1149	21	20
1149	21	20
1149	21	20
1149	21	20
1149	21	20
1149	21	20
629	21	20
632	21	20
650	21	20
611	21	20
646	21	20
626	21	20
616	21	20
649	21	20
647	20	20
710	20	20
1045	20	20
1127	19	20
1229	19	20
1571	19	20
1668	19	20
1698	19	20
1703	19	20
1726	19	20
1745	20	20
1713	21	20
1300	21	20
865	22	20
681	24	20
213	24	20
-559	24	20
-782	25	20
-905	24	20
-1258	23	20
-953	22	20
-476	20	20
59	18	20
971	17	20
1945	17	20
2552	17	20
2777	17	20
2798	18	20
2809	19	20
2376	20	20
1869	21	20
1328	22	20
798	22	20
314	23	20
200	23	20
-79	23	20
-299	23	20
-354	23	20
-391	23	20
-449	21	20
-369	21	20
287	20	20
524	20	20
874	19	20
1009	20	20
1357	20	20
1091	20	20
1024	20	20
1022	21	20
976	21	20
578	20	20
563	20	20
563	20	20
563	20	20
563	20	20
563	20	20
563	20	20
563	20	20
563	20	20
960	20	20
921	20	20
920	20	20
929	20	20
879	19	20
968	19	20
1294	20	20
1299	21	20
894	21	20
499	19	20
528	19	20
1150	20	20
1273	21	20
903	21	20
503	20	20
471	19	20
679	19	20
1101	19	20
1343	20	20
1320	21	20
891	21	20
432	18	20
486	18	20
1484	18	20
1769	23	20
1549	23	20
-137	21	20
-497	15	20
-497	15	20
2657	20	20
3184	27	20
1229	27	20
-1785	16	20
-2195	9	20
1973	9	20
5639	27	20
5656	34	20
-1038	32	20
-5281	5	20
-3952	2	20
5536	9	20
9188	46	20
6405	46	20
-8123	30	20
-8123	30	20
-6824	0	20
-3510	0	20
7138	34	20
8918	54	20
-3815	54	20
-3815	54	20
-14551	-4	20
-17807	-22	20
-15371	-13	20
4299	10	20
13194	63	20
7504	54	20
-12897	7	20
-14167	-42	20
-14167	-42	20
8809	7	20
14300	67	20
12337	67	20
-6374	24	20
-16916	-9	20
-9332	-30	20
5698	-4	20
12376	57	20
14602	57	20
-3314	31	20
-15085	6	20
-10394	-6	20
671	-2	20
11856	39	20
10830	39	20
-3610	25	20
-6817	12	20
-1940	12	20
3280	17	20
4537	22	20
2924	22	20
821	20	20
373	19	20
997	20	20
1424	20	20
1208	19	20
1181	19	20
1510	20	20
1555	20	20
1252	19	20
1204	19	20
1532	19	20
1667	19	20
1690	19	20
1720	18	20
1712	19	20
2052	19	20
1842	19	20
1777	19	20
1766	19	20
1769	20	20
1768	21	20
1318	21	20
880	21	20
781	23	20
619	23	20
619	23	20
-209	23	20
-298	24	20
-334	22	20
-391	22	20
-71	21	20
150	20	20
567	19	20
1098	18	20
1583	18	20
2085	18	20
2229	18	20
2229	18	20
2229	18	20
2281	20	20
2313	20	20
1685	21	20
1234	24	20
632	24	20
-520	24	20
-790	25	20
-944	24	20
-1293	23	20
-1033	21	20
-593	19	20
252	18	20
1275	17	20
1907	18	20
2430	18	20
2224	19	20
2155	20	20
1709	21	20
1709	21	20
708	22	20
553	22	20
132	21	20
97	20	20
723	19	20
988	19	20
1366	19	20
1452	19	20
1476	20	20
1457	20	20
1087	20	20
987	20	20
928	20	20
933	20	20
949	19	20
1019	20	20
1311	20	20
1053	20	20
963	20	20
939	19	20
1016	20	20
1287	20	20
1000	20	20
904	20	20
875	21	20
807	21	20
466	21	20
373	19	20
470	19	20
1131	20	20
1271	21	20
902	21	20
471	19	20
471	18	20
1172	18	20
1707	20	20
1778	21	20
1049	21	20
480	18	20
487	18	20
1511	19	20
1743	22	20
1301	22	20
172	19	20
172	19	20
172	19	20
172	19	20
172	19	20
172	19	20
172	19	20
172	19	20
172	19	20
172	19	20
172	19	20
1425	21	20
1389	20	20
836	20	20
752	20	20
852	19	20
917	20	20
1236	20	20
980	21	20
827	21	20
497	19	20
426	19	20
1124	20	20
1323	21	20
996	21	20
525	20	20
429	19	20
843	20	20
843	20	20
843	20	20
843	20	20
843	20	20
843	20	20
843	20	20
920	21	20
872	21	20
564	21	20
427	20	20
474	20	20
805	20	20
902	21	20
867	21	20
562	21	20
482	21	20
459	20	20
514	20	20
838	21	20
864	21	20
537	21	20
486	21	20
470	21	20
454	21	20
455	21	20
467	21	20
447	21	20
450	21	20
441	20	20
508	21	20
791	21	20
528	21	20
461	21	20
451	21	20
432	21	20
423	21	20
442	22	20
397	22	20
38	23	20
-106	23	20
-484	23	20
-609	23	20
-635	22	20
-654	22	20
-280	21	20
-183	20	20
-183	20	20
-183	20	20
-183	20	20
843	19	20
917	20	20
1239	21	20
943	20	20
575	21	20
701	22	20
376	22	20
-76	22	20
-76	22	20
-197	22	20
-197	22	20
-244	21	20
-220	21	20
106	21	20
203	20	20
278	20	20
633	20	20
693	20	20
708	19	20
752	20	20
752	20	20
752	20	20
752	20	20
753	20	20
694	20	20
700	20	20
691	20	20
698	20	20
694	20	20
676	20	20
676	20	20
663	20	20
643	20	20
634	20	20
634	20	20
646	20	20
667	20	20
618	20	20
593	20	20
620	20	20
602	20	20
606	20	20
601	20	20
566	20	20
600	20	20
567	20	20
585	20	20
585	20	20
574	20	20
576	20	20
554	20	20
562	20	20
528	20	20
547	21	20
475	21	20
131	20	20
56	20	20
379	20	20
453	19	20
501	19	20
874	19	20
970	20	20
941	20	20
634	19	20
594	19	20
919	19	20
982	20	20
1023	20	20
778	20	20
584	20	20
536	20	20
520	20	20
522	21	20
541	21	20
254	20	20
59	21	20
316	21	20
180	20	20
42	20	20
302	20	20
430	20	20
483	20	20
511	19	20
538	19	20
910	19	20
1027	19	20
1057	20	20
1014	20	20
656	19	20
639	19	20
985	19	20
1078	20	20
1041	20	20
702	20	20
622	20	20
621	19	20
703	19	20
1011	19	20
1103	20	20
1108	20	20
788	20	20
660	19	20
708	18	20
1076	20	20
1460	20	20
873	20	20
714	19	20
734	19	20
1066	19	20
1199	19	20
1215	20	20
1195	20	20
857	20	20
785	19	20
795	19	20
1173	20	20
1247	20	20
903	20	20
837	20	20
805	19	20
870	20	20
1175	20	20
1175	20	20
910	19	20
864	19	20
889	20	20
1237	20	20
954	19	20
942	19	20
1267	20	20
1300	20	20
995	20	20
903	20	20
895	20	20
880	20	20
907	20	20
901	21	20
847	21	20
847	21	20
847	21	20
847	21	20
847	21	20
847	21	20
847	21	20
847	21	20
847	21	20
847	21	20
378	20	20
433	19	20
783	19	20
1240	20	20
1334	20	20
1334	20	20
943	20	20
903	20	20
844	20	20
853	19	20
892	20	20
1256	20	20
952	20	20
878	20	20
915	20	20
874	20	20
862	20	20
825	20	20
822	20	20
833	20	20
848	20	20
848	20	20
833	19	20
882	19	20
1241	19	20
1332	20	20
1244	20	20
926	20	20
838	19	20
880	20	20
1172	20	20
897	20	20
810	20	20
791	20	20
800	20	20
773	19	20
806	19	20
1156	19	20
1252	19	20
1277	20	20
1275	20	20
904	20	20
784	20	20
781	20	20
781	20	20
760	20	20
728	20	20
729	21	20
729	21	20
346	20	20
271	20	20
616	21	20
607	21	20
293	20	20
257	20	20
570	20	20
636	20	20
646	20	20
655	20	20
648	19	20
672	20	20
672	20	20
739	19	20
716	19	20
716	19	20
716	19	20
716	19	20
716	19	20
716	19	20
1208	19	20
1223	19	20
1240	20	20
1210	20	20
844	20	20
736	20	20
729	20	20
697	20	20
707	21	20
669	21	20
319	20	20
254	20	20
594	20	20
667	20	20
694	20	20
685	20	20
709	20	20
690	19	20
791	18	20
1197	20	20
1545	20	20
1545	20	20
825	19	20
773	19	20
1041	19	20
1213	19	20
1324	20	20
1245	20	20
897	20	20
818	20	20
824	19	20
879	19	20
1188	20	20
1234	20	20
912	20	20
872	19	20
884	19	20
1242	20	20
1286	20	20
983	21	20
827	18	20
542	18	20
1572	20	20
1818	21	20
1111	21	20
585	18	20
476	18	20
1591	19	20
1883	20	20
1593	21	20
1108	21	20
628	18	20
613	18	20
1674	18	20
1975	22	20
1822	22	20
464	21	20
136	18	20
534	18	20
1660	18	20
1984	21	20
2063	21	20
931	21	20
626	18	20
736	16	20
1771	18	20
2865	20	20
2369	22	20
2369	22	20
751	19	20
257	16	20
944	17	20
2349	20	20
2827	22	20
1964	23	20
793	19	20
-8	18	20
888	19	20
1804	19	20
1828	22	20
1759	22	20
517	20	20
303	18	20
1028	18	20
1914	21	20
1983	21	20
995	21	20
706	18	20
834	18	20
1860	19	20
2114	21	20
1651	22	20
873	20	20
384	18	20
1061	19	20
1866	19	20
1747	23	20
1624	24	20
64	21	20
-557	19	20
367	19	20
1310	20	20
1478	21	20
1128	21	20
687	18	20
721	18	20
1767	19	20
2011	19	20
1714	20	20
1608	20	20
1182	20	20
1070	20	20
1049	20	20
1051	20	20
1027	20	20
1055	20	20
1017	20	20
1059	19	20
1096	20	20
1355	20	20
1100	20	20
1026	20	20
1005	20	20
1017	20	20
999	20	20
967	20	20
967	20	20
972	21	20
898	20	20
613	20	20
829	20	20
829	20	20
903	20	20
902	20	20
896	21	20
868	21	20
498	22	20
370	21	20
370	21	20
370	21	20
370	21	20
370	21	20
370	21	20
370	21	20
370	21	20
318	20	20
347	20	20
713	20	20
807	19	20
871	20	20
1226	20	20
943	20	20
943	20	20
850	20	20
850	20	20
850	20	20
850	20	20
851	21	20
818	21	20
446	21	20
335	22	20
280	22	20
-79	21	20
-144	21	20
188	19	20
400	19	20
1095	19	20
1279	19	20
1345	19	20
1337	20	20
1315	20	20
958	20	20
876	20	20
861	20	20
862	20	20
881	20	20
872	19	20
941	19	20
1311	20	20
1398	20	20
1398	20	20
909	20	20
909	20	20
909	20	20
938	19	20
954	20	20
1344	20	20
1068	20	20
972	19	20
989	19	20
1357	19	20
1458	20	20
1462	20	20
1126	20	20
1040	19	20
1040	19	20
1040	19	20
1040	19	20
1040	19	20
1576	20	20
1576	20	20
1230	20	20
1114	18	20
1221	18	20
1920	19	20
2075	22	20
2075	22	20
2075	22	20
2075	22	20
2075	22	20
2075	22	20
2075	22	20
2075	22	20
2075	22	20
2075	22	20
2075	22	20
26	19	20
141	19	20
1215	19	20
1512	22	20
1457	22	20
407	20	20
216	17	20
1031	17	20
2265	21	20
2265	21	20
2265	21	20
673	19	20
690	19	20
1340	19	20
1606	21	20
1485	21	20
816	20	20
673	17	20
1150	17	20
2300	18	20
2597	21	20
2132	20	20
2132	20	20
1074	18	20
1119	18	20
1674	18	20
2123	21	20
2193	21	20
984	19	20
805	19	20
1456	19	20
1597	21	20
1503	21	20
865	19	20
771	19	20
1406	19	20
1578	20	20
1577	20	20
1227	20	20
1092	19	20
1091	19	20
1475	19	20
1601	19	20
1606	20	20
1548	20	20
1208	20	20
1091	19	20
1085	20	20
1429	20	20
1149	20	20
1072	20	20
1044	20	20
1032	20	20
1040	21	20
1038	20	20
666	19	20
935	19	20
1397	20	20
1464	20	20
1115	19	20
1073	19	20
1384	20	20
1457	20	20
1111	19	20
1017	20	20
1344	21	20
1042	20	20
619	21	20
848	21	20
526	21	20
445	21	20
445	22	20
421	22	20
143	21	20
-57	21	20
178	22	20
302	21	20
73	21	20
199	21	20
296	21	20
328	20	20
327	20	20
615	20	20
796	19	20
800	19	20
1262	19	20
1354	19	20
1377	19	20
1383	19	20
1394	21	20
1309	21	20
576	22	20
354	24	20
-116	24	20
-919	24	20
-1144	23	20
-1215	23	20
-867	21	20
-662	20	20
49	19	20
647	18	20
1160	18	20
1698	18	20
1805	19	20
1802	20	20
1484	20	20
991	21	20
820	20	20
820	20	20
820	20	20
873	20	20
885	20	20
877	19	20
962	19	20
1275	19	20
1390	19	20
1425	20	20
1398	20	20
1398	20	20
932	20	20
919	20	20
919	20	20
960	20	20
967	20	20
954	19	20
1013	19	20
1392	20	20
1433	20	20
1433	20	20
1433	20	20
1433	20	20
1433	20	20
1005	19	20
1107	19	20
1456	20	20
1503	20	20
1503	20	20
1503	20	20
1503	20	20
1503	20	20
1503	20	20
1503	20	20
1503	20	20
1503	20	20
1503	20	20
1067	19	20
1113	19	20
1495	19	20
1608	20	20
1599	20	20
1292	19	20
1200	18	20
1200	18	20
2092	19	20
2092	19	20
1881	20	20
1707	20	20
1327	19	20
1221	19	20
1604	21	20
1620	22	20
890	22	20
333	18	20
344	18	20
1767	18	20
2156	23	20
1959	23	20
263	21	20
-142	14	20
866	14	20
3449	19	20
3995	28	20
1820	28	20
1820	28	20
1820	28	20
1820	28	20
1820	28	20
1820	28	20
1820	28	20
1820	28	20
-3431	18	20
-3334	18	20
-3334	18	20
1500	25	20
1410	25	20
-268	24	20
-1675	16	20
-1313	16	20
1647	17	20
2551	23	20
2123	23	20
-20	20	20
-532	16	20
568	16	20
2214	18	20
2214	18	20
2214	18	20
2214	18	20
2214	18	20
2214	18	20
2214	18	20
2214	18	20
1807	19	20
1764	19	20
1434	19	20
1434	19	20
1434	19	20
1434	19	20
1434	19	20
1434	19	20
1434	19	20
1434	19	20
1434	19	20
1434	19	20
1434	19	20
1318	18	20
1320	18	20
1722	18	20
1835	18	20
1899	18	20
1909	18	20
1913	18	20
1929	19	20
1887	20	20
1513	21	20
979	21	20
469	23	20
236	23	20
-479	22	20
-636	22	20
-328	21	20
-215	19	20
279	18	20
1114	18	20
1712	16	20
1943	16	20
2749	16	20
2974	16	20
2974	16	20
2974	16	20
2974	16	20
3150	19	20
3173	20	20
2306	20	20
1469	24	20
806	24	20
-597	24	20
-952	24	20
-1053	24	20
-1157	21	20
-1021	19	20
133	18	20
1150	16	20
1741	16	20
2710	17	20
2973	18	20
2632	18	20
2217	21	20
2001	21	20
853	22	20
502	21	20
196	21	20
378	20	20
516	18	20
925	19	20
1791	19	20
1639	19	20
1596	19	20
1583	19	20
1564	19	20
1593	20	20
1588	19	20
1240	20	20
1503	20	20
1235	20	20
1140	20	20
1138	20	20
1114	19	20
1136	19	20
1513	19	20
1636	20	20
1667	20	20
1299	20	20
1192	20	20
1177	20	20
1167	20	20
1184	20	20
1185	20	20
1198	20	20
1196	19	20
1208	19	20
1488	20	20
1682	21	20
1448	21	20
976	19	20
773	18	20
1276	19	20
1913	20	20
1929	21	20
1530	21	20
1047	19	20
891	18	20
1633	18	20
2203	20	20
2255	20	20
1577	20	20
1384	19	20
1400	19	20
1741	20	20
1795	21	20
1420	21	20
935	21	20
809	19	20
853	19	20
1575	20	20
1728	21	20
1350	21	20
921	19	20
890	18	20
1580	18	20
2166	21	20
2157	21	20
1157	21	20
854	16	20
969	16	20
2781	18	20
2781	18	20
2666	24	20
2266	19	20
226	18	20
1455	15	20
2395	16	20
3583	24	20
3548	24	20
322	23	20
-433	14	20
47	14	20
3311	17	20
4176	27	20
2712	27	20
-1641	16	20
-1749	12	20
2226	14	20
4772	25	20
4772	25	20
4772	25	20
4772	25	20
4772	25	20
4772	25	20
4772	25	20
4772	25	20
-1408	19	20
