203	0	0
217	0	0
217	0	0
203	0	0
195	0	0
212	0	0
217	0	0
221	0	0
208	0	0
203	0	0
218	0	0
195	0	0
203	0	0
225	0	0
212	0	0
221	0	0
221	0	0
208	0	0
208	0	0
208	0	0
208	0	0
208	0	0
208	0	0
208	0	0
208	0	0
208	0	0
208	0	0
208	0	0
208	0	0
208	0	0
208	0	0
208	0	0
203	0	0
208	0	0
203	0	0
217	0	0
195	0	0
190	0	0
208	0	0
190	0	0
190	0	0
221	0	0
221	0	0
204	0	0
204	0	0
204	0	0
204	0	0
204	0	0
204	0	0
204	0	0
204	0	0
204	0	0
204	0	0
204	0	0
204	0	0
203	0	0
203	0	0
203	0	0
203	0	0
203	0	0
203	0	0
203	0	0
203	0	0
203	0	0
195	0	0
195	0	0
190	0	0
208	0	0
217	0	0
200	0	0
221	0	0
212	0	0
208	0	0
208	0	0
226	0	0
208	0	0
208	0	0
221	0	0
195	0	0
226	0	0
208	0	0
212	0	0
203	0	0
203	0	0
200	0	0
208	0	0
208	0	0
200	0	0
208	0	0
212	0	0
208	0	0
221	0	0
203	0	0
217	0	0
208	0	0
212	0	0
217	0	0
221	0	0
208	0	0
208	0	0
208	0	0
226	0	0
208	0	0
221	0	0
208	0	0
221	0	0
195	0	0
195	0	0
195	0	0
195	0	0
195	0	0
190	0	0
190	0	0
190	0	0
190	0	0
190	0	0
190	0	0
190	0	0
190	0	0
190	0	0
190	0	0
190	0	0
190	0	0
212	0	0
217	0	0
208	0	0
208	0	0
203	0	0
212	0	0
195	0	0
195	0	0
195	0	0
195	0	0
195	0	0
195	0	0
195	0	0
195	0	0
195	0	0
195	0	0
208	0	0
204	0	0
212	0	0
212	0	0
213	0	0
213	0	0
213	0	0
208	0	0
190	0	0
221	0	0
208	0	0
208	0	0
212	0	0
208	0	0
203	0	0
208	0	0
195	0	0
212	0	0
199	0	0
199	0	0
199	0	0
199	0	0
199	0	0
199	0	0
226	0	0
200	0	0
216	0	0
195	0	0
203	0	0
221	0	0
208	0	0
208	0	0
195	0	0
195	0	0
203	0	0
190	0	0
208	0	0
203	0	0
190	0	0
212	0	0
221	0	0
200	0	0
208	0	0
208	0	0
208	0	0
217	0	0
204	0	0
200	0	0
212	0	0
195	0	0
195	0	0
195	0	0
195	0	0
195	0	0
195	0	0
195	0	0
208	0	0
208	0	0
208	0	0
208	0	0
208	0	0
208	0	0
208	0	0
208	0	0
208	0	0
208	0	0
208	0	0
208	0	0
221	0	0
208	0	0
208	0	0
217	0	0
221	0	0
190	0	0
208	0	0
208	0	0
203	0	0
212	0	0
212	0	0
208	0	0
208	0	0
208	0	0
203	0	0
200	0	0
203	0	0
208	0	0
221	0	0
203	0	0
208	0	0
190	0	0
203	0	0
195	0	0
195	0	0
208	0	0
208	0	0
208	0	0
208	0	0
208	0	0
208	0	0
208	0	0
208	0	0
208	0	0
208	0	0
208	0	0
208	0	0
208	0	0
208	0	0
208	0	0
208	0	0
208	0	0
217	0	0
221	0	0
212	0	0
212	0	0
212	0	0
212	0	0
212	0	0
217	0	0
190	0	0
212	0	0
217	0	0
208	0	0
208	0	0
208	0	0
208	0	0
203	0	0
203	0	0
203	0	0
203	0	0
203	0	0
203	0	0
203	0	0
208	0	0
208	0	0
208	0	0
208	0	0

208	0	0208	0	0
208	0	0
208	0	0
208	0	0
208	0	0
208	0	0
208	0	0
208	0	0
208	0	0
208	0	0
204	0	0
204	0	0
217	0	0
195	0	0
217	0	0
208	0	0
204	0	0
218	0	0
229	0	0
208	0	0
221	0	0
195	0	0
203	0	0
208	0	0
195	0	0
195	0	0
195	0	0
208	0	0
208	0	0
208	0	0
203	0	0
226	0	0
208	0	0
203	0	0
208	0	0
217	0	0
217	0	0
217	0	0
195	0	0
221	0	0
204	0	0
212	0	0
208	0	0
217	0	0
208	0	0
203	0	0
208	0	0
203	0	0
208	0	0
217	0	0
208	0	0
199	0	0
203	0	0
203	0	0
203	0	0
203	0	0
203	0	0
203	0	0
203	0	0
203	0	0
203	0	0
203	0	0
203	0	0
203	0	0
203	0	0
217	0	0
226	0	0
203	0	0
208	0	0
213	0	0
208	0	0
217	0	0
217	0	0
208	0	0
208	0	0
208	0	0
208	0	0
208	0	0
203	0	0
203	0	0
208	0	0
203	0	0
195	0	0
208	0	0
200	0	0
190	0	0
217	0	0
208	0	0
208	0	0
208	0	0
217	0	0
190	0	0
208	0	0
208	0	0
208	0	0
213	0	0
203	0	0
203	0	0
203	0	0
203	0	0
203	0	0
208	0	0
208	0	0
195	0	0
221	0	0
208	0	0
208	0	0
203	0	0
208	0	0
221	0	0
221	0	0
217	0	0
208	0	0
203	0	0
217	0	0
208	0	0
203	0	0
208	0	0
221	0	0
203	0	0
190	0	0
195	0	0
208	0	0
212	0	0
208	0	0
212	0	0
208	0	0
208	0	0
208	0	0
203	0	0
200	0	0
200	0	0
200	0	0
200	0	0
200	0	0
200	0	0
200	0	0
200	0	0
200	0	0
200	0	0
200	0	0
200	0	0
200	0	0
200	0	0
200	0	0
200	0	0
200	0	0
200	0	0
200	0	0
200	0	0
212	0	0
187	0	0
208	0	0
204	0	0
203	0	0
213	0	0
208	0	0
190	0	0
203	0	0
217	0	0
208	0	0
208	0	0
221	0	0
203	0	0
212	0	0
216	0	0
217	0	0
208	0	0
213	0	0
217	0	0
212	0	0
212	0	0
217	0	0
226	0	0
208	0	0
195	0	0
208	0	0
208	0	0
221	0	0
217	0	0
217	0	0
217	0	0
217	0	0
217	0	0
217	0	25
208	0	25
208	0	25
208	0	25
208	0	25
208	0	25
208	0	25
208	0	25
208	0	25
208	0	25
208	0	25
208	0	25
208	0	25
208	0	25
208	0	25
16325	5	25
16325	5	25
14655	6	25
14308	8	25
13875	8	25
13036	8	25
12888	8	25
12938	8	25
13008	8	25
13092	8	25
13092	8	25
13092	8	25
13092	8	25
13092	8	25
13604	11	25
13604	11	25
13604	11	25
13604	11	25
13604	11	25
13604	11	25
13604	11	25
13604	11	25
13604	11	25
13604	11	25
13604	11	25
13604	11	25
13604	11	25
13604	11	25
13076	21	25
13135	21	25
9160	21	25
7955	23	25
7659	23	25
6744	21	25
6744	21	25
7199	20	25
7393	19	25
7781	20	25
8319	20	25
8046	21	25
7884	22	25
7474	23	25
6924	23	25
6306	23	25
6173	23	25
6076	23	25
6067	23	25
6075	23	25
6002	23	25
6011	23	25
6002	23	25
5968	22	25
5955	22	25
6327	23	25
6425	24	25
6043	24	25
5512	24	25
5319	22	25
5259	22	25
6001	24	25
6233	24	25
5473	25	25
5226	25	25
4759	24	25
4575	23	25
4918	24	25
5425	26	25
5146	26	25
4271	24	25
3985	23	25
4681	23	25
4681	23	25
4681	23	25
4681	23	25
4681	23	25
4681	23	25
4681	23	25
4681	23	25
4681	23	25
4681	23	25
4681	23	25
4681	23	25
4681	23	25
4681	23	25
5443	28	25
5438	28	25
3504	28	25
2841	24	25
2649	24	25
4124	25	25
4662	29	25
4363	29	25
2728	28	25
2124	25	25
2357	25	25
3604	28	25
3994	31	25
2903	31	25
1356	28	25
867	26	25
1893	27	25
2954	28	25
2902	29	25
2479	29	25
1924	28	25
1801	28	25
1801	28	25
1801	28	25
1801	28	25
1801	28	25
1801	28	25
2128	29	25
2097	30	25
1720	29	25
1155	29	25
1394	30	25
1435	30	25
1435	30	25
1435	30	25
859	30	25
859	30	25
859	30	25
737	31	25
735	32	25
323	33	25
-190	33	25
-728	33	25
-728	33	25
-728	33	25
-728	33	25
-728	33	25
-728	33	25
-728	33	25
-728	33	25
-728	33	25
-728	33	25
-728	33	25
-728	33	25
-1524	32	25
-1564	31	25
-1221	29	25
-780	29	25
70	27	25
282	27	25
1089	27	25
1299	27	25
1280	27	25
1294	28	25
1298	28	25
905	29	25
905	29	25
905	29	25
204	29	25
204	29	25
204	29	25
204	29	25
204	29	25
204	29	25
204	29	25
204	29	25
204	29	25
204	29	25
204	29	25
204	29	25
204	29	25
204	29	25
204	29	25
-345	2-388	27	25
7	25
276	28	25
492	29	25
160	29	25
-352	27	25
-506	25	25
186	25	25
1105	28	25
1386	31	25
298	31	25
-1144	24	25
-1564	21	25
982	21	25
2924	31	25
3512	35	25
-265	34	25
-2986	23	25
-3360	19	25
876	22	25
3586	37	25
3238	39	25
-2768	34	25
-5452	12	25
-4197	12	25
4685	21	25
7539	48	25
4813	48	25
-6859	28	25
-10465	-5	25
-3365	-5	25
10787	32	25
14560	66	25
2813	65	25
-14803	12	25
-19603	-15	25
208	-15	25
10428	46	25
13757	62	25
13757	62	25
13757	62	25
13757	62	25
13757	62	25
13757	62	25
13757	62	25
13757	62	25
13757	62	25
13757	62	25
13757	62	25
13757	62	25
13757	62	25
13757	62	25
13757	62	25
13757	62	25
-20118	25	25
-19935	25	25
-6846	24	25
-3360	-15	25
-2168	-15	25
-2168	-15	25
-2168	-15	25
-2168	-15	25
16048	17	25
15971	19	25
7621	21	25
3888	23	25
2286	30	25
949	30	25
-1882	28	25
-2779	29	25
-2779	29	25
-2779	29	25
-2779	29	25
-2779	29	25
-2779	29	25
-2779	29	25
-2779	29	25
-2885	18	25
-2957	18	25
1310	18	25
2616	9	25
2904	9	25
6631	12	25
7915	12	25
7085	12	25
6958	18	25
6964	20	25
4611	22	25
3094	24	25
1993	28	25
867	28	25
-917	26	25
-1386	26	25
-796	25	25
-651	19	25
-226	18	25
2219	16	25
3389	13	25
4532	13	25
6167	14	25
6662	15	25
6378	17	25
5950	22	25
5044	24	25
5044	24	25
5044	24	25
1151	25	25
977	23	25
565	20	25
1165	19	25
2510	18	25
3375	19	25
3958	19	25
3792	20	25
3717	21	25
3354	22	25
2825	22	25
2296	22	25
2150	22	25
2138	21	25
2138	21	25
2576	21	25
2733	21	25
2733	21	25
2733	21	25
2733	21	25
2733	21	25
2733	21	25
2733	21	25
2733	21	25
2733	21	25
2733	21	25
2915	22	25
2968	23	25
2563	22	25
2100	21	25
2332	21	25
2818	21	25
2979	23	25
3042	23	25
2286	22	25
2039	20	25
2361	20	25
3264	22	25
3588	24	25
2900	24	25
1888	21	25
1620	19	25
2743	20	25
3956	23	25
3931	25	25
2696	25	25
1528	21	25
1179	20	25
2668	21	25
3236	23	25
3236	23	25
3236	23	25
3236	23	25
3236	23	25
3236	23	25
3236	23	25
2307	23	25
2340	23	25
2359	23	25
2371	23	25
2371	23	25
2371	23	25
2371	23	25
2432	23	25
2432	23	25
2432	23	25
2408	24	25
2428	24	25
2054	24	25
1955	24	25
1924	24	25
1928	24	25
1958	24	25
1979	23	25
1973	24	25
1973	24	25
1973	24	25
1973	24	25
1973	24	25
1973	24	25
1973	24	25
1973	24	25
2074	25	25
2078	25	25
1676	25	25
1590	25	25
1603	25	25
1572	25	25
1547	25	25
1571	25	25
1570	24	25
1575	24	25
1945	25	25
2094	25	25
1740	25	25
1740	25	25
1740	25	25
1740	25	25
1740	25	25
1740	25	25
1740	25	25
1740	25	25
1740	25	25
1740	25	25
1740	25	25
1740	25	25
1740	25	25
1740	25	25
1673	25	25
1671	25	25
1673	26	25
1667	26	25
1281	26	25
1127	27	25
1093	27	25
1093	27	25
587	28	25
535	28	25
136	27	25
34	27	25
348	26	25
437	26	25
789	26	25
929	25	25
896	25	25
1313	25	25
1413	25	25
1424	25	25
1408	26	25
1396	26	25
1000	26	25
852	26	25
848	26	25
818	26	25
820	26	25
794	26	25
770	26	25
763	26	25
757	26	25
745	26	25
720	25	25
735	26	25
1082	26	25
807	25	25
681	25	25
1052	25	25
1139	26	25
1141	27	25
766	26	25
269	26	25
269	26	25
269	26	25
269	26	25
269	26	25
269	26	25
269	26	25
269	26	25
269	26	25
269	26	25
269	26	25
269	26	25
269	26	25
269	26	25
269	26	25
269	26	25
269	26	25
446	27	25
435	27	25
435	27	25
-67	25	25
-67	25	25
-67	25	25
-67	25	25
-67	25	25
940	25	25
925	24	25
936	25	25
1337	25	25
1090	25	25
982	25	25
1008	24	25
1008	24	25
1008	24	25
1008	24	25
1008	24	25
1008	24	25
1008	24	25
1008	24	25
1008	24	25
1617	26	25
1607	26	25
871	25	25
649	23	25
966	24	25
1834	25	25
1738	27	25
1311	26	25
430	24	25
563	24	25
1375	24	25
1624	25	25
1683	26	25
1317	26	25
823	25	25
713	25	25
713	25	25
1171	25	25
1178	25	25
1183	25	25
1198	24	25
1198	24	25
1198	24	25
1198	24	25
1198	24	25
1198	24	25
1198	24	25
1198	24	25
1198	24	25
1198	24	25
1198	24	25
1198	24	25
1198	24	25
1198	24	25
1914	26	25
1915	25	25
1123	25	25
1276	25	25
1328	25	25
1343	25	25
1344	26	25
1341	26	25
956	26	25
857	26	25
789	26	25
757	26	25
760	26	25
719	26	25
719	26	25
719	26	25
719	26	25
719	26	25
719	26	25
719	26	25
719	26	25
690	26	25
651	25	25
633	26	25
985	26	25
746	24	25
652	25	25
1336	25	25
1174	25	25
1121	25	25
1125	25	25
1091	25	25
1076	25	25
1079	25	25
1054	26	25
1066	26	25
664	26	25
568	26	25
523	25	25
493	25	25
874	26	25
971	26	25
588	26	25
475	26	25
475	26	25
475	26	25
475	26	25
475	26	25
475	26	25
475	26	25
475	26	25
475	26	25
475	26	25
360	24	25
359	24	25
1097	25	25
1336	25	25
1002	25	25
911	25	25
882	25	25
896	25	25
888	26	25
893	26	25
514	26	25
392	26	25
382	25	25
354	24	25
698	25	25
1215	25	25
1215	25	25
1215	25	25
1215	25	25
1215	25	25
1215	25	25
1215	25	25
1215	25	25
924	25	25
945	25	25
949	24	25
943	24	25
1335	24	25
1445	25	25
1487	25	25
1117	24	25
1001	24	25
1415	24	25
1483	25	25
1560	25	25
1196	24	25
1196	24	25
1196	24	25
1196	24	25
1613	24	25
1613	24	25
1613	24	25
1613	24	25
1613	24	25
1613	24	25
1613	24	25
1613	24	25
1613	24	25
1613	24	25
1613	24	25
1613	24	25
1764	24	25
1787	24	25
1786	24	25
1786	24	25
1815	24	25
1844	24	25
1870	24	25
1870	24	25
1886	26	25
1891	26	25
1114	26	25
888	25	25
856	25	25
1228	25	25
1319	25	25
1343	25	25
1328	26	25
1335	26	25
912	24	25
822	24	25
1583	24	25
1793	24	25
1812	25	25
1867	25	25
1867	25	25
1867	25	25
1867	25	25
1867	25	25
1867	25	25
1867	25	25
	25
1867	251867	25	25
1867	25	25
1867	25	25
1867	25	25
1280	24	25
1231	24	25
1640	24	25
1711	24	25
1766	24	25
1761	25	25
1761	25	25
1761	25	25
1761	25	25
1761	25	25
1761	25	25
1761	25	25
1761	25	25
1761	25	25
1761	25	25
1761	25	25
1174	25	25
1146	25	25
1151	25	25
1133	25	25
1129	25	25
1129	25	25
1108	24	25
1102	25	25
1485	26	25
1485	26	25
731	26	25
610	28	25
553	28	25
-213	26	25
-421	26	25
271	26	25
460	25	25
507	24	25
889	24	25
1383	24	25
1383	24	25
1383	24	25
1383	24	25
1383	24	25
1383	24	25
1383	24	25
1383	24	25
1383	24	25
1616	26	25
1646	27	25
849	27	25
267	27	25
98	27	25
50	26	25
31	24	25
404	25	25
1283	25	25
1148	25	25
1084	24	25
1071	25	25
1476	26	25
1200	26	25
735	26	25
630	25	25
630	25	25
630	25	25
630	25	25
630	25	25
630	25	25
630	25	25
630	25	25
630	25	25
630	25	25
630	25	25
630	25	25
630	25	25
630	25	25
630	25	25
630	25	25
630	25	25
630	25	25
630	25	25
1221	25	25
1210	24	25
1219	24	25
1597	25	25
1736	261390	2	25
6	25
912	22	25
804	22	25
2272	22	25
2785	27	25
2953	27	25
1046	26	25
455	21	25
735	20	25
2772	22	25
3816	29	25
3816	29	25
3816	29	25
3816	29	25
-642	19	25
-711	24	25
3132	25	25
2403	31	25
1626	31	25
-747	21	25
-1590	18	25
2068	18	25
4376	29	25
5043	33	25
859	31	25
-1878	18	25
-1851	16	25
3162	20	25
5518	32	25
4586	32	25
-540	29	25
-1898	17	25
-1040	17	25
3737	24	25
5287	31	25
2848	31	25
-618	24	25
-1518	21	25
867	21	25
2718	26	25
3239	26	25
1421	25	25
878	25	25
1134	25	25
1193	26	25
1187	26	25
845	25	25
708	26	25
1057	26	25
760	26	25
664	25	25
631	25	25
958	25	25
1103	24	25
1099	24	25
1453	24	25
1602	24	25
1609	25	25
1621	25	25
1245	26	25
1125	27	25
705	27	25
211	27	25
70	29	25
33	29	25
33	29	25
33	29	25
33	29	25
33	29	25
33	29	25
33	29	25
-1166	24	25
-1187	24	25
687	24	25
1211	22	25
1323	21	25
2184	22	25
2829	24	25
2655	24	25
1809	26	25
1553	29	25
727	30	25
-661	30	25
-1363	29	25
-1588	29	25
-1588	29	25
-1588	29	25
-1588	29	25
-1588	29	25
-1588	29	25
-1588	29	25
-1588	29	25
-1588	29	25
-1588	29	25
-1588	29	25
-1588	29	25
-1588	29	25
-1588	29	25
-1588	29	25
-1588	9	25
-14302	23	25
-1439	22	25
737	23	25
1812	24	25
1812	24	25
1349	24	25
1222	23	25
1213	23	25
1590	23	25
1730	23	25
1778	24	25
1831	24	25
1452	23	25
1355	23	25
1715	23	25
1823	24	25
1865	23	25
1510	23	25
1781	23	25
1864	23	25
1934	23	25
1986	23	25
1994	23	25
1994	23	25
1994	23	25
2078	23	25
2078	23	25
2078	23	25
2078	23	25
2078	23	25
2078	23	25
2078	23	25
2078	23	25
2078	23	25
2078	23	25
2078	23	25
2240	25	25
2258	25	25
1499	24	25
1499	24	25
1499	24	25
1499	24	25
1499	24	25
1499	24	25
1499	24	25
1499	24	25
1499	24	25
1499	24	25
1703	24	25
1709	24	25
1745	24	25
1741	24	25
1756	24	25
1763	23	25
1739	23	25
2139	24	25
2277	24	25
2277	24	25
1799	23	25
1799	23	25
1799	23	25
1799	23	25
1799	23	25
2336	24	25
2340	24	25
1911	24	25
1808	24	25
1767	24	25
1755	24	25
1775	24	25
1762	24	25
1762	24	25
1762	24	25
1762	24	25
1762	24	25
1762	24	25
1762	24	25
1762	24	25
1722	24	25
1740	24	25
1733	24	25
1728	24	25
1752	24	25
1744	24	25
1742	25	25
1750	25	25
1375	26	25
1246	28	25
839	28	25
-55	28	25
-296	28	25
-344	28	25
-344	28	25
-344	28	25
-344	28	25
-344	28	25
-344	28	25
-344	28	25
-344	28	25
-344	28	25
-344	28	25
-344	28	25
-344	28	25
-344	28	25
-344	28	25
-344	28	25
-344	28	25
-344	28	25
-344	28	25
-677	24	25
-677	24	25
765	24	25
1245	22	25
1342	22	25
2120	23	25
2428	23	25
2113	23	25
2054	24	25
2026	24	25
1652	25	25
1569	25	25
1177	24	25
1037	24	25
1401	24	25
1489	23	25
1545	24	25
1997	24	25
1729	24	25
1662	24	25
1662	24	25
1625	24	25
1654	24	25
1652	24	25
1684	25	25
1704	24	25
1329	24	25
1584	24	25
1688	24	25
1714	24	25
1751	25	25
1751	25	25
1373	24	25
1271	24	25
1630	23	25
1741	24	25
2190	24	25
1970	24	25
1884	23	25
1883	23	25
2262	23	25
2424	24	25
2462	24	25
2072	24	25
1977	24	25
1964	24	25
1945	26	25
1943	26	25
1177	26	25
920	25	25
900	24	25
1241	24	25
1769	25	25
1866	25	25
1554	25	25
1439	24	25
1381	23	25
1759	24	25
2231	25	25
2017	25	25
1559	24	25
1419	23	25
1777	23	25
2236	25	25
2397	25	25
1682	25	25
1500	24	25
1380	23	25
1708	24	25
2272	25	25
2004	25	25
1541	25	25
1386	23	25
1356	23	25
2111	24	25
2377	25	25
2043	25	25
1541	25	25
1380	23	25
1332	24	25
2064	24	25
1924	25	25
1902	25	25
1479	25	25
1334	24	25
1322	24	25
1665	25	25
1792	25	25
1422	25	25
1320	25	25
1276	25	25
1236	25	25
1240	25	25
1235	25	25
1235	25	25
1235	25	25
1235	25	25
1235	25	25
1235	25	25
1235	25	25
1235	25	25
1235	25	25
1235	25	25
1235	25	25
1235	25	25
1235	25	25
1235	25	25
1235	25	25
1255	25	25
1226	25	25
1217	26	25
1220	26	25
852	26	25
706	26	25
672	26	25
659	26	25
678	26	25
674	26	25
674	26	25
674	26	25
674	26	25
674	26	25
674	26	25
674	26	25
674	26	25
674	26	25
674	26	25
674	26	25
674	26	25
674	26	25
674	26	25
674	26	25
674	26	25
674	26	25
674	26	25
699	25	25
699	25	25
699	25	25
699	25	25
699	25	25
699	25	25
699	25	25
699	25	25
1261	25	25
1281	26	25
1264	26	25
881	26	25
775	27	25
751	27	25
386	26	25
266	25	25
618	25	25
618	25	25
1204	25	25
1204	25	25
1272	25	25
1272	24	25
1286	24	25
1681	24	25
1833	24	25
1864	25	25
1880	25	25
1486	25	25
1385	26	25
1346	26	25
1346	26	25
1346	26	25
1346	26	25
1346	26	25
1346	26	25
788	25	25
753	25	25
1135	25	25
41210	2	25
1258	25	25
1650	24	25
1352	24	25
1650	24	25
1650	24	25
1650	24	25
1650	24	25
1650	24	25
1650	24	25
1650	24	25
1650	24	25
1650	24	25
1750	25	25
1795	25	25
1407	24	25
1254	24	25
1254	24	25
1254	24	25
1254	24	25
1767	25	25
1788	24	25
1377	24	25
1644	25	25
1717	25	25
1357	25	25
1239	25	25
1206	24	25
1176	25	25
1581	25	25
1302	25	25
1186	25	25
1186	25	25
1186	25	25
1186	25	25
1186	25	25
1186	25	25
1186	25	25
1186	25	25
1186	25	25
1108	25	25
1104	25	25
1117	26	25
1117	26	25
718	26	25
617	26	25
599	25	25
602	27	25
940	26	25
297	25	25
481	25	25
914	25	25
1008	25	25
1062	25	25
1082	24	25
1057	24	25
1433	24	25
1581	24	25
1650	24	25
1643	25	25
1666	25	25
1666	25	25
1666	25	25
1666	25	25
1666	25	25
1666	25	25
1147	25	25
1164	24	25
1204	24	25
1569	24	25
1667	24	25
1686	24	25
1717	25	25
1731	25	25
1376	25	25
1223	25	25
1196	25	25
1224	25	25
1240	26	25
1248	26	25
869	26	25
767	26	25
734	26	25
747	26	25
744	26	25
775	26	25
757	25	25
742	25	25
1003	25	25
1225	24	25
1260	25	25
1655	25	25
1383	25	25
1292	26	25
1299	28	25
921	29	25
64	29	25
-548	29	25
-709	29	25
-771	28	25
-802	25	25
-428	25	25
798	23	25
1117	23	25
1977	23	25
2264	23	25
2331	23	25
2359	24	25
2379	25	25
1979	26	25
1488	26	25
967	27	25
804	27	25
392	27	25
283	27	25
275	26	25
209	25	25
572	25	25
1042	24	25
1140	24	25
1583	25	25
1681	25	25
1332	25	25
1231	25	1214	225
6	25
1184	26	25
759	26	25
664	26	25
623	26	25
616	25	25
592	24	25
936	24	25
1442	26	25
1578	26	25
829	26	25
598	24	25
535	23	25
1278	24	25
1644	24	25
1786	27	25
1786	27	25
1786	27	25
1786	27	25
1786	27	25
1786	27	25
1786	27	25
1786	27	25
1786	27	25
1786	27	25
1786	27	25
1786	27	25
1786	27	25
-187	23	25
-221	24	25
1262	24	25
1338	26	25
1335	26	25
607	23	25
335	21	25
1436	22	25
2573	25	25
2527	26	25
1326	26	25
1326	26	25
1326	26	25
1326	26	25
1326	26	25
1326	26	25
1326	26	25
1326	26	25
1326	26	25
1326	26	25
1326	26	25
1326	26	25
1326	26	25
1326	26	25
244	24	25
267	24	25
997	24	25
1209	25	25
1324	25	25
1324	25	25
1324	25	25
1324	25	25
843	24	25
815	24	25
1234	25	25
1371	25	25
1008	24	25
890	23	25
1265	23	25
1748	24	25
1928	24	25
1614	24	25
1509	24	25
1462	24	25
1484	24	25
1481	25	25
1497	25	25
1127	25	25
1024	25	25
1030	25	25
1019	25	25
1031	25	25
1046	24	25
1045	24	25
1400	24	25
1567	24	25
1591	23	25
1587	23	25
1844	24	25
1844	24	25
1802	24	25
1700	24	25
1677	27	25
1677	27	25
555	27	25
244	29	25
165	29	25
-634	28	25
-856	27	25
-538	26	25
-87	25	25
425	22	25
935	22	25
2249	22	25
2658	21	25
2658	21	25
2658	21	25
2658	21	25
2658	21	25
2658	21	25
2658	21	25
2658	21	25
2658	21	25
2658	21	25
2658	21	25
3663	27	25
3659	27	25
1298	28	25
564	29	25
31	29	25
-588	27	25
-749	27	25
0	26	25
179	24	25
550	24	25
1382	25	25
1624	25	25
1291	26	25
1291	26	25
915	27	25
915	27	25
915	27	25
915	27	25
98	25	25
56	25	25
792	25	25
1006	25	25
1024	26	25
1070	26	25
666	25	25
521	24	25
857	24	25
1343	26	25
1467	26	25
735	26	25
513	25	25
450	24	25
765	24	25
1286	26	25
1421	27	25
674	26	25
92	23	25
298	22	25
298	22	25
298	22	25
298	22	25
298	22	25
298	22	25
298	22	25
298	22	25
298	22	25
2742	28	25
2746	28	25
468	27	25
-291	23	25
-61	21	25
1467	24	25
2779	29	25
1986	29	25
-235	27	25
-863	18	25
-246	18	25
3409	24	25
4615	34	25
2554	34	25
-2004	24	25
-3296	17	25
339	18	25
4003	32	25
4473	35	25
1241	35	25
-2336	27	25
-3747	17	25
-2179	17	25
3522	28	25
4953	33	25
1081	33	25
-2002	24	25
-2879	23	25
299	24	25
1621	27	25
1570	28	25
470	26	25
-256	26	25
304	26	25
457	26	25
471	26	25
533	26	25
472	26	25
503	26	25
503	26	25
499	26	25
516	26	25
496	26	25
507	26	25
499	26	25
497	26	25
498	26	25
499	27	25
492	27	25
141	27	25
8	28	25
-3	28	25
-426	28	25
-538	28	25
-568	27	25
-584	26	25
-234	26	25
247	25	25
398	24	25
801	24	25
1288	24	25
1419	24	25
1432	24	25
1483	26	25
1452	27	25
698	28	25
117	29	25
-460	30	25
-967	29	25
-1514	27	25
-1328	27	25
-496	26	25
-305	23	25
115	23	25
1389	24	25
1389	24	25
1389	24	25
1389	24	25
1389	24	25
1268	27	25
1304	26	25
145	26	25
191	25	25
273	25	25
598	25	25
598	25	25
697	24	25
685	24	25
1082	25	25
1160	25	25
820	25	25
702	25	25
682	25	25
649	26	25
632	25	25
285	24	25
571	24	25
1016	24	25
1016	24	25
1016	24	25
1016	24	25
1016	24	25
1016	24	25
1016	24	25
1016	24	25
1016	24	25
1016	24	25
1016	24	25
1016	24	25
1016	24	25
1016	24	25
1189	24	25
1212	24	25
1224	25	25
1224	25	25
1224	25	25
719	25	25
694	25	25
666	26	25
646	26	25
301	24	25
180	24	25
917	24	25
1137	25	25
1137	25	25
837	25	25
690	24	25
719	24	25
719	24	25
1205	25	25
1241	25	25
897	25	25
766	24	25
749	24	25
1133	24	25
1301	24	25
1310	26	25
1321	25	25
594	24	25
738	24	25
1181	24	25
1302	25	25
1335	25	25
1009	25	25
836	25	25
856	25	25
845	25	25
862	25	25
864	25	25
871	25	25
894	25	25
904	25	25
900	25	25
917	25	25
919	25	25
923	25	25
961	25	25
937	25	25
937	25	25
943	25	25
938	25	25
951	25	25
951	25	25
951	25	25
951	25	25
951	25	25
951	25	25
951	25	25
951	25	25
951	25	25
951	25	25
951	25	25
951	25	25
951	25	25
1054	25	25
1043	25	25
1043	25	25
1017	25	25
1033	25	25
1010	26	25
1002	26	25
1002	26	25
550	27	25
478	27	25
82	26	25
-57	26	25
318	26	25
410	25	25
437	25	25
789	25	25
896	24	25
895	24	25
1281	24	25
1417	25	25
1429	25	25
1068	25	25
900	25	25
898	27	25
870	25	25
163	25	25
451	25	25
734	25	25
734	25	25
734	25	25
734	25	25
734	25	25
734	25	25
734	25	25
734	25	25
734	25	25
734	25	25
734	25	25
734	25	25
734	25	25
734	25	25
734	25	25
734	25	25
721	26	25
713	26	25
332	25	25
221	24	25
546	25	25
1028	25	25
788	25	25
733	24	25
705	24	25
1065	24	25
1203	24	25
1233	24	25
1257	24	25
1255	25	25
1256	26	25
892	26	25
363	26	25
258	25	25
258	25	25
459	25	25
459	25	25
716	24	25
716	24	25
1118	24	25
1223	25	25
1265	25	25
900	25	25
785	24	25
758	24	25
1138	24	25
1289	25	25
1344	25	25
942	25	25
861	24	25
846	24	25
1218	25	25
1346	25	25
980	25	25
860	24	25
859	24	25
1234	24	25
1376	25	25
1389	25	25
1028	24	25
919	24	25
1265	24	25
1401	25	25
1439	25	25
1136	25	25
1007	24	25
993	24	25
1357	25	25
1476	25	25
1140	25	25
1030	25	25
1032	25	25
1011	24	25
1030	25	25
1410	25	25
1153	24	25
1070	24	25
1444	24	25
1547	24	25
1585	25	25
1607	25	25
1236	25	25
1137	26	25
1107	26	25
735	26	25
640	26	25
635	27	25
618	27	25
617	25	25
103	25	25
875	26	25
875	26	25
811	24	25
811	24	25
811	24	25
1576	25	25
1621	24	25
1242	25	25
1517	25	25
1213	25	25
1154	25	25
1103	24	25
1065	25	25
1460	25	25
1228	25	25
1134	25	25
1125	25	25
1073	24	25
1118	24	25
1471	24	25
1571	24	25
1615	24	25
1614	24	25
1580	24	25
1624	24	25
1599	25	25
1599	25	25
1599	25	25
1599	25	25
1599	25	25
1599	25	25
1599	25	25
1047	24	25
1024	24	25
1372	24	25
1483	24	25
1552	25	25
1562	25	25
1562	25	25
1046	25	25
1018	25	25
1019	25	25
984	25	25
978	25	25
953	25	25
951	25	25
937	25	25
941	26	25
922	26	25
556	25	25
430	25	25
765	24	25
897	24	25
1294	24	25
1415	24	25
1453	24	25
1474	24	25
1496	24	25
1481	24	25
1514	25	25
1500	26	25
1126	26	25
592	25	25
485	25	25
815	25	25
924	25	25
947	25	25
944	25	25
934	24	25
963	24	25
1338	25	25
1338	25	25
1338	25	25
1338	25	25
1006	24	25
968	24	25
1377	24	25
1516	24	25
1579	24	25
1581	24	25
1589	24	25
1586	25	25
1604	24	25
1228	25	25
1488	25	25
1187	25	25
1126	25	25
1149	24	25
1111	24	25
1519	25	25
1519	25	25
1519	25	25
1519	25	25
1519	25	25
1519	25	25
1519	25	25
1519	25	25
1519	25	25
1519	25	25
1204	25	25
1224	25	25
1208	25	25
1225	25	25
1215	24	25
1219	24	25
1643	25	25
1761	25	25
1412	25	25
1308	24	25
1280	23	25
1654	23	25
2190	24	25
2380	25	25
2048	25	25
1560	24	25
1418	24	25
1794	25	25
1913	26	25
1559	25	25
1065	25	25
1293	25	25
1363	25	25
1381	25	25
1376	25	25
1378	25	25
1389	25	25
1373	25	25
1376	25	25
1376	25	25
1376	25	25
1376	25	25
1376	25	25
1376	25	25
1376	25	25
1376	25	25
1376	25	25
1376	25	25
1376	25	25
1376	25	25
1376	25	25
1376	25	25
1376	25	25
1376	25	25
1376	25	25
1267	24	25
1280	24	25
1637	24	25
1774	24	25
1815	24	25
1792	24	25
1789	25	25
1815	25	25
1422	25	25
1303	25	25
1266	26	25
1273	26	25
878	24	25
713	25	25
1462	25	25
1260	24	25
1219	24	25
1556	24	25
1705	24	25
1700	24	25
1721	24	25
1721	24	25
1708	26	25
1708	26	25
962	27	25
717	27	25
293	27	25
148	26	25
120	26	25
462	25	25
572	25	25
957	24	25
1082	24	25
1511	24	25
1642	24	25
1680	25	25
1660	25	25
1336	25	25
1185	25	25
1159	26	25
1130	26	25
789	26	25
640	26	25
584	27	25
595	27	25
238	25	25
123	25	25
829	24	25
1031	24	25
1472	24	25
1638	25	25
1662	25	25
1324	24	25
1213	24	25
1537	25	25
1678	26	25
1317	25	25
887	25	25
1059	25	25
1144	25	25
1182	25	25
1178	24	25
1194	24	25
1602	24	25
1755	24	25
1777	25	25
1818	25	25
1451	24	25
1321	24	25
1689	24	25
1808	25	25
1849	25	25
1491	25	25
1380	24	25
1366	24	25
1733	25	25
1863	25	25
1521	25	25
1423	24	25
1395	24	25
1761	24	25
1921	25	25
1943	25	25
1604	24	25
1483	22	25
1848	23	25
2743	24	25
2678	26	25
2242	26	25
1344	23	25
1074	21	25
2192	22	25
3352	26	25
3321	28	25
1691	28	25
424	23	25
102	22	25
1908	23	25
1908	23	25
2778	28	25
2778	28	25
2778	28	25
190	21	25
14	21	25
2638	22	25
3511	28	25
3357	29	25
1000	26	25
-161	21	25
654	21	25
2834	24	25
3581	29	25
2538	29	25
272	26	25
-349	21	25
611	21	25
2798	24	25
3494	27	25
2439	27	25
1025	24	25
552	24	25
1544	24	25
1918	25	25
1983	25	25
1612	25	25
1478	25	25
1427	25	25
1454	25	25
1435	25	25
1424	25	25
1409	26	25
1409	26	25
1015	25	25
888	25	25
1227	25	25
1301	25	25
1316	24	25
1338	24	25
1698	25	25
1832	24	25
1460	25	25
1736	26	25
1475	26	25
955	27	25
871	28	25
871	28	25
871	28	25
871	28	25
871	28	25
871	28	25
871	28	25
871	28	25
871	28	25
-406	24	25
-444	24	25
1045	24	25
1518	22	25
1588	22	25
2433	23	25
2696	24	25
2404	24	25
1931	28	25
1805	29	25
231	30	25
231	30	25
231	30	25
231	30	25
231	30	25
231	30	25
-1502	24	25
-1502	24	25
653	24	25
1363	23	25
1472	23	25
1952	23	25
2066	25	25
2139	25	25
1356	26	25
1144	26	25
714	25	25
621	25	25
982	24	25
1090	24	25
1523	24	25
1653	25	25
1712	25	25
1348	24	25
1235	24	25
1581	24	25
1667	25	25
1730	25	25
1382	25	25
1276	24	25
1250	24	25
1638	24	25
1755	25	25
1755	25	25
1534	25	25
1534	25	25
1534	25	25
1534	25	25
1292	24	25
1292	24	25
1292	24	25
1292	24	25
1292	24	25
1292	24	25
1292	24	25
1292	24	25
1292	24	25
1292	24	25
1960	25	25
1960	25	25
1960	25	25
1960	25	25
1435	25	25
1413	25	25
1413	25	25
1413	25	25
1413	25	25
1406	24	25
1406	24	25
1813	24	25
1916	24	25
1964	25	25
1967	25	25
1566	24	25
1441	24	25
1801	24	25
1904	25	25
1916	25	25
1551	25	25
1429	24	25
1406	24	25
1762	24	25
1887	25	25
1896	25	25
1661	25	25
1389	25	25
1393	25	25
1393	25	25
1393	25	25
1393	25	25
1393	25	25
1393	25	25
1393	25	25
1302	25	25
1285	25	25
1261	25	25
1255	25	25
1271	25	25
1241	25	25
1229	25	25
1225	25	25
1236	25	25
1218	24	25
1204	24	25
1574	24	25
1704	24	25
1743	24	25
1760	24	25
1760	24	25
1760	24	25
1760	24	25
1757	28	25
1774	28	25
236	28	25
-203	31	25
-328	31	25
-1511	27	25
-1869	27	25
-461	27	25
-60	24	25
-25	23	25
1190	23	25
1895	23	25
2065	23	25
2143	23	25
2188	25	25
2197	27	25
1430	28	25
424	28	25
-203	30	25
-380	30	25
-1187	27	25
-1418	27	25
-368	26	25
-65	24	25
382	24	25
1229	24	25
1409	24	25
1546	24	25
1557	25	25
1593	26	25
1216	26	25
708	26	25
614	26	25
566	26	25
595	25	25
577	25	25
918	24	25
1056	24	25
1449	24	25
1621	25	25
1630	25	25
1294	25	25
1193	25	25
1171	25	25
1156	25	25
1192	25	25
1182	25	25
1194	25	25
1193	25	25
1208	25	25
1219	25	25
1219	25	25
1191	25	25
1191	25	25
1191	25	25
1191	25	25
1222	24	25
1233	24	25
1635	24	25
1763	24	25
1823	24	25
1847	24	25
1883	24	25
1880	24	25
1898	25	25
1888	25	25
1495	26	25
1377	26	25
987	26	25
833	25	25
779	25	25
1137	25	25
1261	26	25
1295	25	25
910	24	25
1183	24	25
1650	24	25
1790	25	25
1843	25	25
1420	25	25
1378	24	25
1303	24	25
1679	24	25
1805	25	25
1809	26	25
1465	25	25
910	24	25
1164	24	25
1613	24	25
1708	26	25
1765	26	25
1006	24	25
765	24	25
1457	24	25
1671	25	25
1715	25	25
1379	25	25
1300	25	25
1300	25	25
1300	25	25
1300	25	25
1300	25	25
1300	25	25
1300	25	25
1300	25	25
1300	25	25
1127	25	25
1099	25	25
1091	26	25
1071	25	25
699	25	25
936	25	25
1024	25	25
1044	25	25
1047	25	25
1054	26	25
1042	26	25
669	27	25
669	27	25
669	27	25
669	27	25
-8	28	25
-40	27	25
-425	26	25
-189	26	25
285	25	25
