	0	0.000
181	0	0.000
168	0	0.000
174	0	0.000
200	0	0.000
181	0	0.000
181	0	0.000
174	0	0.000
181	0	0.000
187	0	0.000
181	0	0.000
181	0	0.000
163	0	0.000
181	0	0.000
174	0	0.000
181	0	0.000
181	0	0.000
168	0	0.000
174	0	0.000
174	0	0.000
181	0	0.000
174	0	0.000
181	0	0.000
181	0	0.000
156	0	0.000
156	0	0.000
174	0	0.000
174	0	0.000
163	0	0.000
163	0	0.000
192	0	0.000
181	0	0.000
156	0	0.000
181	0	0.000
155	0	0.000
181	0	0.000
181	0	0.000
181	0	0.000
181	0	0.000
181	0	0.000
193	0	0.0169	0	0.000
00
181	0	0.000
174	0	0.000
162	0	0.000
174	0	0.000
187	0	0.000
181	0	0.000
181	0	0.000
150	0	0.000
187	0	0.000
181	0	0.000
193	0	0.000
174	0	0.000
181	0	0.000
163	0	0.000
174	0	0.000
174	0	0.000
163	0	0.000
163	0	0.000
163	0	0.000
181	0	0.000
187	0	0.000
173	0	0.000
181	0	0.000
174	0	0.000
200	0	0.000
169	0	0.000
181	0	0.000
187	0	0.000
181	0	0.000
187	0	0.000
181	0	0.000
174	0	0.000
155	0	0.000
173	0	0.000
156	0	0.000
156	0	0.000
181	0	0.000
155	0	0.000
163	0	0.000
162	0	0.000
181	0	0.000
174	0	0.000
181	-1	0.000
162	0	0.000
537	0	0.000
295	0	0.000
193	-2	0.000
181	0	0.000
875	0	0.000
446	0	0.000
240	0	0.000
211	0	0.000
186	0	0.000
181	0	0.000
200	0	0.000
200	0	0.000
192	0	0.000
200	0	0.000
199	0	0.000
199	0	0.000
167	0	0.000
187	0	0.000
206	0	0.000
181	0	0.000
187	0	0.000
193	0	0.000
206	0	0.000
173	0	0.000
206	0	0.000
181	0	0.000
173	0	0.000
212	0	0.000
205	0	0.000
192	0	0.000
205	0	0.000
218	0	0.000
199	0	0.000
217	0	0.000
199	0	0.000
192	0	0.000
205	0	0.000
181	0	0.000
181	0	0.000
199	0	0.000
192	0	0.000
173	0	0.000
181	0	0.000
192	0	0.000
199	0	0.000
199	0	0.000
199	0	0.000
199	0	0.000
211	0	0.000
199	0	0.000
218	0	0.000
199	0	0.000
192	0	0.000
217	0	0.000
199	0	0.000
187	0	0.000
192	0	0.000
173	0	0.000
181	0	0.000
218	0	0.000
187	0	0.000
181	0	0.000
193	0	0.000
193	0	0.000
173	0	0.000
174	0	0.000
199	0	0.000
192	0	0.000
181	0	0.000
174	0	0.000
174	0	0.000
181	0	0.000
192	0	0.000
218	0	0.000
181	0	0.000
217	0	0.000
162	0	0.000
173	0	0.000
199	0	0.000
199	0	0.000
193	0	0.000
181	0	0.000
199	0	0.000
174	0	0.000
200	0	0.000
199	0	0.000
217	0	0.000
205	0	0.000
192	0	0.000
192	0	0.000
186	0	0.000
217	0	0.000
186	0	0.000
199	0	0.000
192	0	0.000
199	0	0.000
192	0	0.000
199	0	0.000
192	0	0.000
199	0	0.000
199	0	0.000
200	0	0.000
192	0	0.000
199	0	0.000
200	0	0.000
200	0	0.000
199	0	0.000
181	0	0.000
199	0	0.000
173	0	0.000
174	0	0.000
199	0	0.000
206	0	0.000
186	0	0.000
205	0	0.000
173	0	0.000
173	0	0.000
218	0	0.000
181	0	0.000
187	0	0.000
205	0	0.000
186	0	0.000
200	0	0.000
193	0	0.000
186	0	0.000
181	0	0.000
181	0	0.000
174	0	0.000
181	0	0.000
181	0	0.000
192	0	0.000
199	0	0.000
199	0	0.000
206	0	0.000
173	0	0.000
181	0	0.000
174	0	0.000
210	0	0.000
218	0	0.000
200	0	0.000
193	0	0.000
168	0	0.000
181	0	0.000
174	0	0.000
181	0	0.000
187	0	0.000
193	0	0.000
224	0	0.000
186	0	0.000
181	0	0.000
174	0	0.000
181	0	0.000
205	0	0.000
187	0	0.000
193	0	0.000
181	0	0.000
181	0	0.000
181	0	0.000
173	0	0.000
155	0	0.000
174	0	0.000
199	0	0.000
199	0	0.000
193	0	0.000
181	0	0.000
200	0	0.000
199	0	0.000
193	0	0.000
199	0	0.000
181	0	0.000
181	0	0.000
181	0	0.000
174	0	0.000
173	0	0.000
181	0	0.000
181	0	0.000
181	0	0.000
187	0	0.000
192	0	0.000
192	0	0.000
192	0	0.000
173	0	0.000
199	0	0.000
173	0	0.000
192	0	0.000
217	0	0.000
205	0	0.000
181	0	0.000
173	0	0.000
181	0	0.000
174	0	0.000
181	0	0.000
205	0	0.000
181	0	0.000
200	0	0.000
173	0	0.000
181	0	0.000
193	0	0.000
192	0	0.000
200	0	0.000
199	0	0.000
200	0	0.000
199	0	0.000
193	0	0.000
192	0	0.000
181	0	0.000
193	0	0.000
174	0	0.000
217	0	0.000
200	0	0.000
199	0	0.000
181	0	0.000
199	0	0.000
173	0	0.000
192	0	0.000
205	0	0.000
173	0	0.000
173	0	0.000
199	0	0.000
173	0	0.000
200	0	0.000
167	0	0.000
199	0	0.000
205	0	0.000
199	0	0.000
181	0	0.000
173	0	0.000
187	0	0.000
199	0	0.000
192	0	0.000
173	0	0.000
200	0	0.000
181	0	0.000
173	0	0.000
205	0	0.000
181	0	0.000
173	0	0.000
181	0	0.000
174	0	0.000
173	0	0.000
192	0	0.000
181	0	0.000
206	0	0.000
186	0	0.000
173	0	0.000
192	0	0.000
192	0	0.000
206	0	0.000
199	0	0.000
193	0	0.000
173	0	0.000
186	0	0.000
174	0	0.000
174	0	0.000
192	0	0.000
193	0	0.000
192	0	0.000
199	0	0.000
181	0	0.000
199	0	0.000
199	0	0.000
199	0	0.000
193	0	0.000
192	0	0.000
212	0	0.000
173	0	0.000
167	0	0.000
181	0	0.000
224	0	0.000
210	0	0.000
173	0	0.000
181	0	0.000
200	0	0.000
199	0	0.000
174	0	0.000
181	0	0.000
199	0	0.000
181	0	0.000
181	0	0.000
181	0	0.000
199	0	0.000
181	0	0.000
192	0	0.000
173	0	0.000
200	0	0.000
192	0	0.000
200	0	0.000
174	0	0.000
181	0	0.000
200	0	0.000
199	0	0.000
174	0	0.000
199	0	0.000
167	0	0.000
192	0	0.000
199	0	0.000
181	0	0.000
200	0	0.000
181	0	0.000
193	0	0.000
199	0	0.000
210	0	0.000
173	0	0.000
168	0	0.000
173	0	0.000
193	0	0.000
174	0	0.000
181	0	0.000
181	0	0.000
199	0	0.000
199	0	0.000
199	0	0.000
168	0	0.000
181	0	0.000
181	0	0.000
173	0	0.000
181	0	0.000
173	0	0.000
192	0	0.000
199	0	0.000
199	0	0.000
200	0	0.000
199	0	0.000
181	0	0.000
181	0	0.000
187	0	0.000
1931	0	0.000
2721	0	0.000
2927	-5	0.000
3029	-3	0.000
4829	-3	0.000
5028	-5	0.000
4980	0	0.000
5710	0	0.000
4369	0	0.000
3639	0	0.000
3482	4	0.000
3451	2	0.000
2100	2	0.000
2125	5	0.000
2343	0	0.000
1280	0	0.000
2651	0	0.000
3333	0	0.000
3514	0	0.000
3612	0	0.000
3607	0	0.000
3654	2	0.000
3669	2	0.000
3016	2	0.000
2730	4	0.000
2675	4	0.000
1931	4	0.000
1631	4	0.000
1584	4	0.000
1529	3	0.000
1545	2	0.000
1888	1	0.000
2415	0	0.000
2959	0	0.000
3541	0	0.000
3808	0	0.000
3899	0	0.000
3944	0	0.000
3978	3	0.000
4059	3	0.000
3025	4	0.000
2519	6	0.000
2077	6	0.000
1175	6	0.000
825	6	0.000
733	6	0.000
688	5	0.000
661	4	0.000
992	3	0.000
1482	2	0.000
1990	2	0.000
2565	3	0.000
2799	2	0.000
2551	2	0.000
2769	4	0.000
2908	4	0.000
2302	4	0.000
1975	5	0.000
1938	5	0.000
1516	5	0.000
1376	4	0.000
1329	5	0.000
1647	5	0.000
1474	3	0.000
1317	3	0.000
2018	4	0.000
2313	4	0.000
2072	4	0.000
1948	5	0.000
1909	5	0.000
1559	5	0.000
1407	5	0.000
1368	4	0.000
1350	5	0.000
1706	5	0.000
1476	4	0.000
1345	4	0.000
1697	5	0.000
1856	5	0.000
1529	5	0.000
1414	5	0.000
1348	5	0.000
1363	6	0.000
1361	6	0.000
1022	5	0.000
879	5	0.000
1181	5	0.000
1309	5	0.000
1356	4	0.000
1355	4	0.000
1674	4	0.000
1851	4	0.000
1913	5	0.000
1915	4	0.000
1563	5	0.000
1739	5	0.000
1517	6	0.000
1407	5	0.000
1041	6	0.000
1234	6	0.000
1025	5	0.000
881	5	0.000
1188	5	0.000
1302	5	0.000
1351	4	0.000
1371	5	0.000
1729	4	0.000
1490	4	0.000
1739	5	0.000
1857	5	0.000
1533	5	0.000
1422	5	0.000
1365	5	0.000
1402	5	0.000
1388	5	0.000
1380	5	0.000
1350	5	0.000
1386	5	0.000
1373	5	0.000
1378	5	0.000
1403	5	0.000
1374	6	0.000
1374	6	0.000
1047	5	0.000
887	5	0.000
1187	5	0.000
1340	5	0.000
1366	5	0.000
1376	6	0.000
1393	5	0.000
1031	5	0.000
1233	5	0.000
1315	6	0.000
1362	5	0.000
1019	5	0.000
1214	5	0.000
1323	6	0.000
1296	6	0.000
1018	6	0.000
882	5	0.000
844	5	0.000
1150	5	0.000
1280	6	0.000
1321	6	0.000
1042	6	0.000
859	6	0.000
829	5	0.000
767	5	0.000
1124	5	0.000
1249	7	0.000
1303	6	0.000
632	5	0.000
694	5	0.000
1123	5	0.000
1245	6	0.000
1322	6	0.000
990	6	0.000
817	6	0.000
762	5	0.000
780	5	0.000
1065	5	0.000
1211	6	0.000
1260	6	0.000
950	6	0.000
800	6	0.000
766	5	0.000
751	5	0.000
1087	5	0.000
1228	6	0.000
1261	6	0.000
938	5	0.000
808	5	0.000
1079	5	0.000
1221	6	0.000
1235	7	0.000
933	7	0.000
454	5	0.000
278	5	0.000
883	5	0.000
1155	7	0.000
1220	7	0.000
565	7	0.000
293	4	0.000
230	4	0.000
1158	5	0.000
1583	7	0.000
1388	8	0.000
601	6	0.000
-59	4	0.000
380	3	0.000
1250	5	0.000
1958	7	0.000
1505	9	0.000
597	6	0.000
-383	3	0.000
229	2	0.000
1516	4	0.000
2388	8	0.000
2069	10	0.000
480	8	0.000
-771	0	0.000
-584	0	0.000
787	0	0.000
3476	11	0.000
3882	14	0.000
182	11	0.000
-2416	-2	0.000
-2258	-6	0.000
2266	-2	0.000
5705	15	0.000
5587	22	0.000
-512	17	0.000
-5634	-7	0.000
-5808	-16	0.000
2594	-11	0.000
9247	22	0.000
10390	34	0.000
-701	29	0.000
-9935	-13	0.000
-11954	-31	0.000
1778	-29	0.000
1778	-29	0.000
16650	51	0.000
17981	46	0.000
-3931	18	-10255	-61	0.000
7438	-23	0.000
15504	59	0.000
17183	59	0.000
0.000
0.000
-4441	32	-14168	-3-14123	-32	0.000
-14751	-60	0.000
6022	-31	0.000
15398	53	0.000
5	0.000
18214	66	0.000
-3420	37	0.000
-13852	-26	0.000
-15815	-53	0.000
4399	0	0.000
15203	0	0.000
8870	69	0.000
5913	0	0.000
-8983	0	0.000
-2320	-19	0.000
2292	-17	0.000
10520	31	0.000
13414	33	0.000
-2379	31	0.000
-10294	-11	0.000
-12561	-36	0.000
7481	-3	0.000
16513	50	0.000
10680	53	0.000
-7552	25	0.000
-14799	-43	0.000
-13167	-47	0.000
7015	-16	0.000
16004	55	0.000
14996	75	0.000
-5619	40	0.000
-14399	-40	0.000
-16957	-63	0.000
4077	-29	0.000
15217	42	0.000
18386	72	0.000
-3476	55	0.000
-13957	-32	0.000
-16544	-55	0.000
4903	-34	0.000
15415	41	0.000
18623	71	0.000
-3765	50	0.000
-13684	-35	0.000
-15877	-57	0.000
4256	-27	0.000
11009	1	0.000
18367	66	0.000
10005	51	0.000
-7436	-2	0.000
-14254	-54	0.000
-4117	-54	0.000
10981	6	0.000
17379	61	0.000
7865	61	0.000
-8145	7	0.000
-14214	-52	0.000
-7151	-52	0.000
9897	4	0.000
17048	60	0.000
8448	60	0.000
-7645	11	0.000
-13901	-49	0.000
-8777	-49	0.000
8803	-2	0.000
16746	58	0.000
10278	58	0.000
-6876	18	0.000
-13544	-44	0.000
-11069	-45	0.000
7303	-12	0.000
16225	55	0.000
13705	61	0.000
-5364	28	0.000
-12949	-37	0.000
-13903	-59	0.000
6161	-23	0.000
15726	51	0.000
17204	68	0.000
-4560	38	0.000
-12905	-31	0.000
-15756	-55	0.000
5153	-33	0.000
15477	46	0.000
18429	69	0.000
-4162	41	0.000
-12850	-28	0.000
-15926	-50	0.000
4569	-37	0.000
15212	43	0.000
18415	70	0.000
-4171	39	0.000
-13108	-24	0.000
-16159	-46	0.000
3492	-36	0.000
14709	40	0.000
18192	63	0.000
-3971	37	0.000
-13284	-19	0.000
-16020	-41	0.000
1155	-35	0.000
13521	33	0.000
17919	59	0.000
-1431	37	0.000
-12856	-11	0.000
-15725	-38	0.000
-933	-38	0.000
12478	22	0.000
17689	50	0.000
1762	36	0.000
-11392	-5	0.000
-15116	-37	0.000
-2263	-37	0.000
11896	14	0.000
17497	40	0.000
4511	0	0.000
-9442	0	0.000
-2582	0	0.000
1826	-17	0.000
3153	21	0.000
9458	21	0.000
-669	12	0.000
-5774	2	0.000
-4348	-5	0.000
102	-3	0.000
4323	12	0.000
5163	16	0.000
271	13	0.000
-3359	2	0.000
-3674	-2	0.000
96	-2	0.000
3319	8	0.000
4304	12	0.000
1252	12	0.000
-1539	5	0.000
-2539	0	0.000
-533	0	0.000
2148	0	0.000
3169	9	0.000
3522	9	0.000
543	7	0.000
-825	0	0.000
-446	0	0.000
2067	0	0.000
3183	7	0.000
3498	8	0.000
1169	7	0.000
-216	3	0.000
-207	2	0.000
1115	3	0.000
2042	5	0.000
1998	6	0.000
1276	6	0.000
583	5	0.000
425	4	0.000
656	5	0.000
1128	5	0.000
957	5	0.000
865	5	0.000
848	5	0.000
811	5	0.000
818	5	0.000
818	5	0.000
818	5	0.000
824	5	0.000
842	5	0.000
820	5	0.000
819	5	0.000
820	5	0.000
833	5	0.000
815	5	0.000
815	5	0.000
789	5	0.000
807	5	0.000
786	5	0.000
821	5	0.000
820	5	0.000
803	5	0.000
784	5	0.000
801	5	0.000
800	5	0.000
779	5	0.000
779	5	0.000
796	5	0.000
794	5	0.000
760	5	0.000
777	5	0.000
776	5	0.000
792	5	0.000
776	5	0.000
776	5	0.000
776	5	0.000
759	5	0.000
777	5	0.000
776	5	0.000
776	5	0.000
761	5	0.000
760	5	0.000
763	5	0.000
764	5	0.000
763	5	0.000
766	5	0.000
766	5	0.000
766	5	0.000
769	5	0.000
768	5	0.000
769	5	0.000
754	5	0.000
735	5	0.000
762	5	0.000
754	5	0.000
749	5	0.000
762	5	0.000
748	5	0.000
727	5	0.000
760	5	0.000
722	5	0.000
733	5	0.000
727	5	0.000
721	5	0.000
728	5	0.000
733	5	0.000
728	5	0.000
735	5	0.000
738	5	0.000
713	5	0.000
727	5	0.000
710	5	0.000
710	5	0.000
713	5	0.000
702	5	0.000
721	5	0.000
710	6	0.000
719	5	0.000
379	5	0.000
572	5	0.000
683	5	0.000
693	5	0.000
720	5	0.000
721	5	0.000
721	5	0.000
694	6	0.000
703	6	0.000
372	5	0.000
240	5	0.000
523	6	0.000
651	5	0.000
348	5	0.000
541	5	0.000
643	6	0.000
679	5	0.000
347	5	0.000
536	6	0.000
644	6	0.000
311	6	0.000
217	6	0.000
169	6	0.000
156	6	0.000
138	6	0.000
156	5	0.000
137	5	0.000
449	5	0.000
578	5	0.000
623	5	0.000
637	5	0.000
609	5	0.000
636	5	0.000
621	5	0.000
621	5	0.000
636	5	0.000
636	5	0.000
618	5	0.000
648	5	0.000
631	5	0.000
633	5	0.000
632	5	0.000
631	5	0.000
631	5	0.000
632	5	0.000
632	5	0.000
647	5	0.000
648	5	0.000
632	5	0.000
648	5	0.000
633	5	0.000
617	5	0.000
634	5	0.000
652	5	0.000
635	5	0.000
636	4	0.000
636	5	0.000
1009	5	0.000
782	4	0.000
690	4	0.000
994	5	0.000
1130	5	0.000
857	4	0.000
707	5	0.000
1004	5	0.000
796	5	0.000
702	5	0.000
685	5	0.000
654	5	0.000
676	5	0.000
640	5	0.000
658	5	0.000
664	5	0.000
664	5	0.000
651	5	0.000
651	5	0.000
657	5	0.000
675	5	0.000
682	5	0.000
646	5	0.000
665	5	0.000
672	5	0.000
654	5	0.000
676	5	0.000
661	5	0.000
668	5	0.000
687	5	0.000
659	5	0.000
659	5	0.000
677	5	0.000
676	5	0.000
648	5	0.000
667	5	0.000
696	5	0.000
649	5	0.000
667	5	0.000
670	5	0.000
670	5	0.000
680	5	0.000
690	5	0.000
654	5	0.000
666	6	0.000
672	6	0.000
347	5	0.000
231	5	0.000
496	6	0.000
496	6	0.000
496	6	0.000
201	5	0.000
152	5	0.000
462	5	0.000
599	5	0.000
674	4	0.000
660	4	0.000
1001	4	0.000
1152	5	0.000
1195	4	0.000
865	4	0.000
1059	5	0.000
1188	5	0.000
874	5	0.000
759	5	0.000
726	5	0.000
725	6	0.000
708	5	0.000
369	5	0.000
514	5	0.000
672	5	0.000
672	5	0.000
719	5	0.000
703	5	0.000
703	5	0.000
702	5	0.000
702	5	0.000
717	5	0.000
701	5	0.000
716	4	0.000
700	4	0.000
1021	5	0.000
1180	5	0.000
909	5	0.000
783	5	0.000
734	5	0.000
754	5	0.000
735	5	0.000
754	5	0.000
755	5	0.000
723	5	0.000
724	5	0.000
726	5	0.000
743	5	0.000
742	5	0.000
729	5	0.000
729	5	0.000
732	5	0.000
735	5	0.000
735	5	0.000
735	5	0.000
754	5	0.000
729	4	0.000
763	4	0.000
1114	5	0.000
1259	5	0.000
957	4	0.000
818	4	0.000
1124	5	0.000
1251	5	0.000
967	5	0.000
854	5	0.000
806	5	0.000
798	5	0.000
806	5	0.000
805	5	0.000
802	5	0.000
820	5	0.000
792	5	0.000
809	5	0.000
800	5	0.000
818	5	0.000
835	5	0.000
808	5	0.000
815	4	0.000
806	5	0.000
1167	5	0.000
953	5	0.000
853	5	0.000
835	5	0.000
826	5	0.000
834	5	0.000
817	5	0.000
827	5	0.000
819	4	0.000
837	4	0.000
1162	5	0.000
1304	5	0.000
1034	5	0.000
894	4	0.000
852	4	0.000
1178	4	0.000
1327	5	0.000
1394	5	0.000
1074	5	0.000
923	5	0.000
880	4	0.000
885	5	0.000
1225	5	0.000
1044	5	0.000
913	5	0.000
923	4	0.000
888	4	0.000
1233	5	0.000
1387	5	0.000
1070	5	0.000
975	5	0.000
937	5	0.000
918	4	0.000
918	4	0.000
1275	5	0.000
1395	5	0.000
1104	5	0.000
971	5	0.000
938	5	0.000
936	5	0.000
938	5	0.000
937	5	0.000
935	4	0.000
966	5	0.000
1285	5	0.000
1110	4	0.000
997	4	0.000
1300	5	0.000
1459	5	0.000
1154	5	0.000
1012	5	0.000
981	5	0.000
981	5	0.000
981	5	0.000
984	4	0.000
984	4	0.000
984	4	0.000
1480	5	0.000
1530	5	0.000
1209	5	0.000
000
000
996	5	0.000
1374	5	0.000
1160	5	0.000
1070	5	0.000
1048	5	0.000
1066	5	0.1036	4	0.1018	5	0.000
1035	5	0.000
1021	5	0.000
1047	5	0.000
1017	5	0.000
1012	5	0.000
1030	5	0.000
1018	5	0.000
1022	4	0.000
1040	5	0.000
1377	5	0.000
1177	5	0.000
1075	5	0.000
1059	5	0.000
1057	5	0.000
1053	5	0.000
1053	5	0.000
1067	5	0.000
1054	5	0.000
1054	5	0.000
1054	5	0.000
1062	5	0.000
1053	5	0.000
1052	5	0.000
1051	5	0.000
1051	5	0.000
1059	5	0.000
1059	5	0.000
1059	5	0.000
1049	5	0.000
1059	5	0.000
1059	4	0.000
1059	5	0.000
1198	5	0.000
1210	5	0.000
1098	5	0.000
1082	5	0.000
1060	4	0.000
1074	5	0.000
1400	5	0.000
1240	5	0.000
1108	5	0.000
1108	5	0.000
1085	4	0.000
1107	5	0.000
1427	5	0.000
1258	5	0.000
1131	5	0.000
1101	5	0.000
1104	5	0.000
1103	5	0.000
1099	5	0.000
1103	5	0.000
1090	5	0.000
1080	5	0.000
1094	5	0.000
1104	5	0.000
1117	5	0.000
1100	5	0.000
1125	5	0.000
1111	5	0.000
1122	5	0.000
1108	5	0.000
1130	5	0.000
1120	5	0.000
1117	5	0.000
1117	5	0.000
1131	5	0.000
1130	5	0.000
1113	5	0.000
1128	6	0.000
1113	5	0.000
776	5	0.000
983	5	0.000
1096	5	0.000
1112	5	0.000
1128	5	0.000
1112	5	0.000
1128	5	0.000
1097	6	0.000
1114	6	0.000
796	5	0.000
653	5	0.000
925	5	0.000
1071	6	0.000
1088	6	0.000
751	6	0.000
624	6	0.000
573	5	0.000
559	4	0.000
890	5	0.000
1364	6	0.000
1221	6	0.000
765	6	0.000
619	5	0.000
569	4	0.000
889	5	0.000
1372	6	0.000
1196	6	0.000
773	6	0.000
616	5	0.000
549	5	0.000
858	5	0.000
1003	5	0.000
1039	6	0.000
1052	6	0.000
684	5	0.000
556	5	0.000
868	5	0.000
977	5	0.000
1024	5	0.000
1040	5	0.000
1022	5	0.000
1038	5	0.000
1047	5	0.000
1037	5	0.000
1037	5	0.000
1047	5	0.000
1028	5	0.000
1019	5	0.000
1029	5	0.000
1011	5	0.000
1029	5	0.000
1030	5	0.000
1011	5	0.000
1021	5	0.000
1033	5	0.000
1025	5	0.000
990	5	0.000
1018	5	0.000
1000	5	0.000
1029	5	0.000
1012	5	0.000
1035	5	0.000
1029	5	0.000
1023	5	0.000
1005	5	0.000
999	5	0.000
1049	5	0.000
1014	5	0.000
1025	5	0.000
995	5	0.000
1051	5	0.000
1002	5	0.000
1030	4	0.000
985	4	0.000
1333	5	0.000
1491	5	0.000
1196	5	0.000
1069	5	0.000
1019	5	0.000
1000	5	0.000
1017	5	0.000
1014	5	0.000
1029	5	0.000
1012	5	0.000
1027	5	0.000
1009	5	0.000
1009	5	0.000
1024	5	0.000
1024	5	0.000
1007	5	0.000
1007	5	0.000
990	5	0.000
990	5	0.000
1005	4	0.000
1007	5	0.000
1359	5	0.000
1167	5	0.000
1073	5	0.000
1025	5	0.000
994	5	0.000
996	5	0.000
1012	5	0.000
1014	5	0.000
1013	5	0.000
1016	4	0.000
1015	4	0.000
1341	5	0.000
1492	5	0.000
1203	5	0.000
1058	5	0.000
993	4	0.000
1010	4	0.000
1324	5	0.000
1476	5	0.000
1216	5	0.000
1040	4	0.000
1010	4	0.000
1329	5	0.000
1472	6	0.000
1189	6	0.000
723	4	0.000
572	4	0.000
1177	3	0.000
1460	5	0.000
1871	6	0.000
1371	6	0.000
755	5	0.000
574	4	0.000
816	3	0.000
1308	3	0.000
1537	5	0.000
2028	6	0.000
1410	6	0.000
795	5	0.000
609	3	0.000
868	3	0.000
1624	4	0.000
1983	6	0.000
1770	6	0.000
957	5	0.000
643	4	0.000
846	3	0.000
1318	4	0.000
1835	5	0.000
1735	5	0.000
1273	5	0.000
1090	5	0.000
1053	4	0.000
1043	5	0.000
1360	5	0.000
1192	5	0.000
1055	5	0.000
1048	4	0.000
1037	5	0.000
1369	5	0.000
1192	5	0.000
1100	4	0.000
1047	4	0.000
1366	4	0.000
1529	5	0.000
1571	5	0.000
1282	5	0.000
1113	5	0.000
1076	5	0.000
1076	5	0.000
1054	4	0.000
1032	5	0.000
1394	5	0.000
1204	5	0.000
1090	5	0.000
1053	4	0.000
1056	4	0.000
1371	4	0.000
1556	5	0.000
1594	5	0.000
1265	5	0.000
1123	5	0.000
1092	4	0.000
1073	4	0.000
1180	4	0.000
1565	5	0.000
1596	5	0.000
1275	5	0.000
1146	5	0.000
1096	5	0.000
1081	5	0.000
1079	5	0.000
1048	4	0.000
1078	4	0.000
1414	5	0.000
1572	5	0.000
1270	5	0.000
1142	5	0.000
1095	4	0.000
1094	4	0.000
1416	4	0.000
1577	5	0.000
1610	5	0.000
1304	4	0.000
1148	4	0.000
1437	4	0.000
1583	5	0.000
1632	5	0.000
1298	5	0.000
1166	5	0.000
1141	5	0.000
1107	5	0.000
1113	4	0.000
1112	4	0.000
1444	4	0.000
1594	4	0.000
1634	5	0.000
1669	4	0.000
1328	4	0.000
1510	5	0.000
1611	5	0.000
1321	5	0.000
1187	5	0.000
1156	5	0.000
1132	5	0.000
1120	4	0.000
1131	4	0.000
1469	5	0.000
1620	5	0.000
1344	5	0.000
1192	5	0.000
1157	5	0.000
1115	5	0.000
1145	5	0.000
1123	5	0.000
1129	5	0.000
1120	4	0.000
1127	5	0.000
1453	5	0.000
1292	4	0.000
1173	4	0.000
1475	5	0.000
1631	5	0.000
1318	5	0.000
1189	5	0.000
1153	5	0.000
1144	5	0.000
1144	5	0.000
1135	5	0.000
1146	5	0.000
1136	5	0.000
1138	5	0.000
1149	5	0.000
1138	5	0.000
1131	5	0.000
1123	5	0.000
1127	5	0.000
1127	5	0.000
1132	5	0.000
1132	5	0.000
1138	5	0.000
1132	5	0.000
1139	5	0.000
1120	5	0.000
1127	5	0.000
1127	5	0.000
1127	5	0.000
1117	5	0.000
1117	5	0.000
1117	5	0.000
1135	5	0.000
1135	5	0.000
1122	6	0.000
1129	5	0.000
801	5	0.000
964	5	0.000
1080	5	0.000
1120	5	0.000
1120	5	0.000
1118	5	0.000
1135	5	0.000
1114	5	0.000
1132	5	0.000
1129	5	0.000
1130	5	0.000
1129	5	0.000
1128	5	0.000
1128	5	0.000
1144	5	0.000
1128	4	0.000
1128	5	0.000
1496	5	0.000
1272	5	0.000
1177	5	0.000
1143	5	0.000
1128	5	0.000
1146	5	0.000
1130	5	0.000
1117	5	0.000
1130	4	0.000
1134	4	0.000
1489	5	0.000
1636	5	0.000
1362	5	0.000
1201	5	0.000
1176	5	0.000
1156	5	0.000
1143	4	0.000
1164	4	0.000
1506	4	0.000
1660	4	0.000
1699	4	0.000
1731	5	0.000
1717	5	0.000
1415	5	0.000
1247	5	0.000
1226	5	0.000
1185	5	0.000
1200	5	0.000
1201	5	0.000
1189	5	0.000
1213	5	0.000
1189	5	0.000
1183	5	0.000
1194	4	0.000
1164	5	0.000
1529	5	0.000
1353	5	0.000
1221	4	0.000
1209	5	0.000
1330	5	0.000
1496	5	0.000
1233	5	0.000
1222	5	0.000
1178	5	0.000
1230	5	0.000
1202	4	0.000
1193	4	0.000
1552	5	0.000
1717	5	0.000
1404	5	0.000
1275	5	0.000
1230	5	0.000
1221	5	0.000
1212	5	0.000
1222	5	0.000
1197	5	0.000
1208	5	0.000
1218	5	0.000
1199	5	0.000
1240	5	0.000
1233	5	0.000
1244	5	0.000
1226	5	0.000
1238	5	0.000
1220	5	0.000
1232	5	0.000
1250	5	0.000
1202	5	0.000
1214	5	0.000
1215	4	0.000
1236	4	0.000
1580	5	0.000
1718	5	0.000
1408	5	0.000
1294	5	0.000
1241	6	0.000
1202	5	0.000
891	5	0.000
1102	5	0.000
1212	5	0.000
1227	5	0.000
1256	5	0.000
1238	5	0.000
1221	5	0.000
1234	5	0.000
1249	5	0.000
1248	5	0.000
1231	5	0.000
1230	5	0.000
1244	5	0.000
1261	5	0.000
1244	5	0.000
1259	5	0.000
1243	5	0.000
1227	5	0.000
1245	5	0.000
1245	5	0.000
1229	4	0.000
1261	5	0.000
1582	5	0.000
1376	5	0.000
1296	5	0.000
1251	5	0.000
1267	5	0.000
1239	5	0.000
1257	5	0.000
1243	5	0.000
1260	5	0.000
1245	5	0.000
1247	5	0.000
1247	5	0.000
1273	5	0.000
1260	5	0.000
1227	5	0.000
1227	5	0.000
1255	5	0.000
1254	5	0.000
1259	5	0.000
1229	5	0.000
1271	6	0.000
1258	6	0.000
932	6	0.000
751	5	0.000
752	5	0.000
1040	5	0.000
1187	5	0.000
1222	4	0.000
1278	4	0.000
1612	5	0.000
1749	5	0.000
1449	5	0.000
1327	5	0.000
1271	6	0.000
1271	6	0.000
945	6	0.000
788	6	0.000
761	6	0.000
731	5	0.000
705	5	0.000
1066	5	0.000
1196	5	0.000
1224	5	0.000
1233	5	0.000
1234	6	0.000
1217	6	0.000
921	6	0.000
755	5	0.000
737	5	0.000
1052	5	0.000
1185	6	0.000
1244	5	0.000
911	5	0.000
1074	5	0.000
1195	6	0.000
1200	6	0.000
911	6	0.000
743	6	0.000
723	6	0.000
710	5	0.000
701	5	0.000
1029	6	0.000
1149	6	0.000
877	4	0.000
742	4	0.000
1358	5	0.000
1650	5	0.000
1382	5	0.000
1282	6	0.000
1215	6	0.000
875	6	0.000
748	5	0.000
711	5	0.000
1016	6	0.000
1157	6	0.000
872	5	0.000
740	5	0.000
1028	5	0.000
1155	5	0.000
1220	5	0.000
1203	5	0.000
1220	6	0.000
1220	6	0.000
870	5	0.000
725	5	0.000
1029	6	0.000
1172	6	0.000
872	5	0.000
741	5	0.000
1030	5	0.000
1120	5	0.000
1182	5	0.000
1200	6	0.000
1190	6	0.000
878	5	0.000
732	6	0.000
1017	6	0.000
832	6	0.000
722	5	0.000
694	5	0.000
1008	5	0.000
1158	5	0.000
1168	5	0.000
1190	5	0.000
1190	6	0.000
1196	6	0.000
846	6	0.000
719	6	0.000
683	5	0.000
677	5	0.000
997	5	0.000
1126	5	0.000
1168	5	0.000
1176	5	0.000
1201	5	0.00
1189	5	0.000
000
1181	5	0.01163	5	0.000
1180	5	0.000
1178	5	0.000
1189	6	0.000
1178	5	0.000
865	5	0.000
1031	5	0.000
1152	5	0.000
1188	5	0.000
1190	5	0.000
1173	5	0.000
1182	5	0.000
1200	5	0.000
1184	5	0.000
1187	6	0.000
1188	5	0.000
873	5	0.000
1053	5	0.000
1167	5	0.000
1174	5	0.000
1192	5	0.000
1210	5	0.000
1204	5	0.000
1186	5	0.000
1215	5	0.000
1206	6	0.000
1206	6	0.000
899	5	0.000
735	5	0.000
1024	5	0.000
1156	5	0.000
1198	5	0.000
1198	5	0.000
1215	5	0.000
1208	5	0.000
1205	5	0.000
1208	5	0.000
1191	5	0.000
1217	5	0.000
1186	5	0.000
1213	5	0.000
1200	6	0.000
1224	6	0.000
888	5	0.000
744	5	0.000
1032	5	0.000
1160	5	0.000
1192	5	0.000
1192	5	0.000
1192	5	0.000
1208	5	0.000
1208	5	0.000
1224	5	0.000
1208	6	0.000
1192	5	0.000
874	5	0.000
1066	5	0.000
1163	5	0.000
1181	5	0.000
1213	5	0.000
1200	5	0.000
1200	6	0.000
1188	6	0.000
863	6	0.000
722	5	0.000
670	5	0.000
987	5	0.000
1134	5	0.000
1151	6	0.000
1177	5	0.000
854	5	0.000
1031	5	0.000
1133	5	0.000
1156	5	0.000
1155	5	0.000
1165	6	0.000
1165	5	0.000
846	6	0.000
1026	6	0.000
791	6	0.000
676	5	0.000
658	5	0.000
955	5	0.000
1101	5	0.000
1127	5	0.000
1127	5	0.000
1116	5	0.000
1106	5	0.000
1132	5	0.000
1166	5	0.000
1129	5	0.000
1111	5	0.000
1140	5	0.000
1130	5	0.000
1129	5	0.000
1129	5	0.000
1129	5	0.000
1139	5	0.000
1122	5	0.000
1123	5	0.000
1150	5	0.000
1114	5	0.000
1136	5	0.000
1107	5	0.000
1099	5	0.000
1121	6	0.000
1150	6	0.000
788	4	0.000
650	4	0.000
1276	4	0.000
1534	5	0.000
1620	6	0.000
1354	6	0.000
837	5	0.000
637	4	0.000
933	4	0.000
1423	4	0.000
1614	5	0.000
1658	6	0.000
1313	5	0.000
838	5	0.000
1008	4	0.000
1062	4	0.000
1430	5	0.000
1559	5	0.000
1308	5	0.000
1180	5	0.000
1144	5	0.000
1128	5	0.000
1144	5	0.000
1125	5	0.000
1125	5	0.000
1137	5	0.000
1137	5	0.000
1104	5	0.000
1119	5	0.000
1119	5	0.000
1119	5	0.000
1119	5	0.000
1101	5	0.000
1117	5	0.000
1102	5	0.000
1118	4	0.000
1120	4	0.000
1455	5	0.000
1569	6	0.000
1329	6	0.000
849	5	0.000
659	4	0.000
947	4	0.000
1380	6	0.000
1579	6	0.000
934	5	0.000
664	5	0.000
938	4	0.000
1054	5	0.000
1442	5	0.000
1226	5	0.000
1125	5	0.000
1111	5	0.000
1081	4	0.000
1102	5	0.000
1422	5	0.000
1245	6	0.000
1142	5	0.796	4	0.0000
00
784	4	0.000
1358	4	0.000
1538	6	0.000
1623	6	0.000
965	5	0.000
662	4	0.000
935	4	0.000
1147	4	0.000
1553	5	0.000
1597	6	0.000
1288	6	0.000
794	5	0.000
628	3	0.000
908	3	0.000
1691	5	0.000
2089	6	0.000
1475	6	0.000
876	5	0.000
634	4	0.000
903	4	0.000
1372	4	0.000
1566	5	0.000
1605	6	0.000
1280	5	0.000
791	5	0.000
967	5	0.000
1033	5	0.000
1087	5	0.000
1061	5	0.000
1044	5	0.000
1063	5	0.000
1082	5	0.000
1048	5	0.000
1048	5	0.000
1061	5	0.000
1079	5	0.000
1047	5	0.000
1041	5	0.000
1059	5	0.000
1036	5	0.000
1041	5	0.000
1036	5	0.000
1030	5	0.000
1032	5	0.000
1024	5	0.000
1053	5	0.000
1031	5	0.000
1045	5	0.000
1044	5	0.000
1019	5	0.000
1013	5	0.000
1030	5	0.000
1032	5	0.000
1030	5	0.000
1009	5	0.000
1029	5	0.000
1007	5	0.000
1005	5	0.000
1005	5	0.000
1003	5	0.000
1003	5	0.000
1003	5	0.000
1000	5	0.000
1001	5	0.000
1000	6	0.000
1000	6	0.000
679	6	0.000
521	4	0.000
473	4	0.000
1127	5	0.000
1415	6	0.000
1158	6	0.000
728	5	0.000
506	5	0.000
792	5	0.000
921	5	0.000
956	5	0.000
971	6	0.000
957	5	0.000
634	4	0.000
801	4	0.000
1255	5	0.000
1419	5	0.000
1145	5	0.000
1012	5	0.000
960	5	0.000
957	5	0.000
961	5	0.000
965	6	0.000
948	5	0.000
651	5	0.000
815	4	0.000
914	4	0.000
1264	5	0.000
1446	5	0.000
1132	6	0.000
1005	4	0.000
613	4	0.000
1155	4	0.000
1421	6	0.000
1464	6	0.000
821	4	0.000
512	4	0.000
1152	4	0.000
1368	6	0.000
1471	6	0.000
833	6	0.000
536	4	0.000
453	4	0.000
1100	4	0.000
1410	5	0.000
1457	5	0.000
1190	5	0.000
1014	5	0.000
977	5	0.000
959	5	0.000
968	5	0.000
960	5	0.000
968	5	0.000
958	5	0.000
970	4	0.000
970	5	0.000
1289	5	0.000
1131	6	0.000
995	5	0.000
643	4	0.000
809	4	0.000
1237	5	0.000
1440	5	0.000
1186	6	0.000
1030	5	0.000
644	5	0.000
818	5	0.000
933	5	0.000
958	5	0.000
963	5	0.000
954	5	0.000
962	5	0.000
966	5	0.000
971	5	0.000
962	5	0.000
944	5	0.000
954	6	0.000
968	5	0.000
627	5	0.000
816	5	0.000
916	5	0.000
942	5	0.000
960	5	0.000
958	5	0.000
958	5	0.000
942	6	0.000
956	6	0.000
619	5	0.000
457	5	0.000
807	5	0.000
889	5	0.000
952	5	0.000
936	5	0.000
952	5	0.000
936	5	0.000
935	5	0.000
952	5	0.000
954	5	0.000
937	5	0.000
952	5	0.000
939	5	0.000
956	5	0.000
955	5	0.000
941	4	0.000
958	4	0.000
1282	5	0.000
1460	5	0.000
1155	5	0.000
1012	5	0.000
962	5	0.000
965	5	0.000
951	5	0.000
973	5	0.000
973	5	0.000
959	5	0.000
981	5	0.000
982	5	0.000
963	5	0.000
973	4	0.000
978	5	0.000
1323	5	0.000
1117	5	0.000
1014	5	0.000
989	5	0.000
996	5	0.000
989	5	0.000
978	5	0.000
1003	5	0.000
972	5	0.000
990	4	0.000
979	4	0.000
1294	4	0.000
1470	4	0.000
1514	5	0.000
1547	5	0.000
1205	5	0.000
1031	4	0.000
1010	4	0.000
1331	5	0.000
1515	5	0.000
1229	5	0.000
1091	5	0.000
1035	4	0.000
1008	5	0.000
1146	5	0.000
1193	5	0.000
1083	5	0.000
1056	5	0.000
1019	4	0.000
1010	4	0.000
1354	5	0.000
1521	5	0.000
1237	5	0.000
1101	5	0.000
1053	5	0.000
1027	5	0.000
1027	5	0.000
1063	5	0.000
1033	5	0.000
1063	5	0.000
1028	5	0.000
1057	5	0.000
1065	5	0.000
1020	5	0.000
1041	5	0.000
1042	5	0.000
1023	5	0.000
1036	5	0.000
1049	5	0.000
1046	6	0.000
1059	5	0.000
696	5	0.000
891	5	0.000
1050	5	0.000
1017	5	0.000
1032	5	0.000
1061	5	0.000
1075	5	0.000
1058	5	0.000
1058	5	0.000
1055	5	0.000
1055	5	0.000
1056	5	0.000
1037	5	0.000
1052	5	0.000
1051	5	0.000
1067	5	0.000
1083	5	0.000
1068	5	0.000
1068	5	0.000
1052	4	0.000
1085	4	0.000
1389	5	0.000
1566	5	0.000
1280	5	0.000
1118	5	0.000
1072	5	0.000
1088	5	0.000
1076	5	0.000
1076	5	0.000
1093	6	0.000
1081	5	0.000
787	5	0.000
922	5	0.000
1055	5	0.000
1074	5	0.000
1055	5	0.000
1060	5	0.000
1082	5	0.000
1095	5	0.000
1085	5	0.000
1056	5	0.000
1105	5	0.000
1084	5	0.000
1084	5	0.000
1088	5	0.000
1089	4	0.000
1083	4	0.000
1373	5	0.000
1607	5	0.000
1301	5	0.000
1169	5	0.000
1120	5	0.000
1081	6	0.000
1109	6	0.000
754	5	0.000
652	5	0.000
901	6	0.000
1039	5	0.000
782	5	0.000
945	5	0.000
1037	5	0.000
1066	5	0.000
1084	5	0.000
1074	5	0.000
1101	5	0.000
1111	5	0.000
1101	5	0.000
1112	5	0.000
1095	5	0.000
1131	5	0.000
1113	5	0.000
1115	5	0.000
1097	5	0.000
1118	5	0.000
1118	5	0.000
1112	6	0.000
1124	6	0.000
790	6	0.000
663	6	0.000
609	6	0.000
596	5	0.000
609	5	0.000
911	5	0.000
1079	5	0.000
1092	5	0.000
1101	5	0.000
1091	5	0.000
1090	5	0.000
1087	5	0.000
1100	5	0.000
1113	5	0.000
1109	6	0.000
1109	5	0.000
784	4	0.000
975	4	0.001409	5	0.0
000
1604	5	0.000
1326	5	0.000
1177	5	0.000
1162	5	0.000
1110	5	0.000
1141	5	0.000
1143	6	0.000
1141	5	0.000
837	4	0.000
1013	5	0.000
1013	5	0.000
1283	5	0.000
1204	5	0.000
1155	5	0.000
1141	5	0.000
1157	5	0.000
1142	6	0.000
1157	5	0.000
839	5	0.000
1002	5	0.000
1127	6	0.000
1132	5	0.000
842	5	0.000
989	5	0.000
1056	5	0.000
1150	5	0.000
1146	5	0.000
1143	5	0.000
1159	5	0.000
1150	5	0.000
1149	5	0.000
1140	5	0.000
1159	6	0.000
1163	6	0.000
813	5	0.000
691	6	0.000
985	5	0.000
762	5	0.000
979	5	0.000
1112	5	0.000
1111	5	0.000
1143	5	0.000
1144	6	0.000
1148	5	0.000
817	6	0.000
993	6	0.000
785	7	0.000
665	6	0.000
322	6	0.000
469	6	0.000
589	6	0.000
581	5	0.000
590	5	0.000
883	6	0.000
1049	6	0.000
754	5	0.000
636	5	0.000
921	5	0.000
1043	5	0.000
1089	5	0.000
1103	5	0.000
1093	5	0.000
1097	5	0.000
1096	6	0.000
1096	6	0.000
770	5	0.000
643	5	0.000
908	6	0.000
1059	6	0.000
781	5	0.000
642	5	0.000
909	5	0.000
1036	5	0.000
1080	5	0.000
1099	5	0.000
1081	6	0.000
1086	6	0.000
753	5	0.000
678	5	0.000
919	6	0.000
999	6	0.000
954	5	0.000
668	5	0.000
913	6	0.000
1042	6	0.000
735	5	0.000
618	5	0.000
876	5	0.000
1034	5	0.000
1052	5	0.000
1070	4	0.000
1067	5	0.000
1433	5	0.000
1224	5	0.000
1113	5	0.000
1097	5	0.000
1080	4	0.000
1096	4	0.000
1224	5	0.000
1592	5	0.000
1289	5	0.000
1161	5	0.000
1131	6	0.000
1113	5	0.000
779	5	0.000
953	5	0.000
1054	6	0.000
1104	5	0.000
939	5	0.000
943	6	0.000
1075	6	0.000
754	5	0.000
625	5	0.000
900	5	0.000
1022	5	0.000
1071	5	0.000
1071	5	0.000
1075	5	0.000
1074	5	0.000
1089	5	0.000
1048	5	0.000
1048	5	0.000
1075	6	0.000
1057	5	0.000
737	5	0.000
942	5	0.000
1039	5	0.000
1045	6	0.000
1069	5	0.000
937	5	0.000
925	5	0.000
1016	5	0.000
1035	5	0.000
1043	5	0.000
1050	5	0.000
1050	5	0.000
1040	5	0.000
1056	5	0.000
1047	6	0.000
1047	6	0.000
724	6	0.000
576	5	0.000
522	5	0.000
650	5	0.000
1001	4	0.000
1011	5	0.000
1362	5	0.000
1188	5	0.000
1058	5	0.000
1040	5	0.000
1033	5	0.000
1025	5	0.000
1018	5	0.000
1077	6	0.000
1023	5	0.000
698	5	0.000
902	5	0.000
968	5	0.000
999	5	0.000
1011	5	0.000
1034	5	0.000
1013	5	0.000
1014	5	0.000
1013	5	0.000
995	5	0.000
1021	5	0.000
1034	5	0.000
998	5	0.000
1044	5	0.000
995	4	0.000
1027	4	0.000
1344	5	0.000
1507	5	0.000
1195	5	0.000
1066	5	0.1031	5	0000
.000
1028	5	0.000
1029	4	0.000
996	4	0.000
1329	5	0.000
1521	5	0.000
1215	5	0.000
1072	5	0.000
1023	5	0.000
1006	5	0.000
1022	5	0.000
1022	5	0.000
1007	5	0.000
1007	5	0.000
1008	5	0.000
992	5	0.000
1008	6	0.000
1009	6	0.000
658	5	0.000
546	5	0.000
804	5	0.000
950	5	0.000
967	6	0.000
1001	6	0.000
630	4	0.000
520	4	0.000
1120	4	0.000
1401	5	0.000
1516	6	0.000
1195	5	0.000
686	5	0.000
868	5	0.000
912	5	0.000
944	5	0.000
948	4	0.000
948	4	0.000
1299	5	0.000
1426	5	0.000
1358	5	0.000
1062	6	0.000
952	5	0.000
633	4	0.000
820	5	0.000
1237	5	0.000
1068	6	0.000
1039	6	0.000
676	4	0.000
508	4	0.000
1084	5	0.000
1359	6	0.000
1126	6	0.000
691	5	0.000
487	4	0.000
737	5	0.000
1188	5	0.000
1058	5	0.000
957	5	0.000
956	5	0.000
930	5	0.000
948	5	0.000
939	5	0.000
912	4	0.000
939	4	0.000
1228	4	0.000
1413	5	0.000
1486	5	0.000
1324	5	0.000
971	5	0.000
953	4	0.000
928	4	0.000
1284	5	0.000
1411	5	0.000
1145	5	0.000
981	5	0.000
961	5	0.000
961	4	0.000
932	5	0.000
1282	5	0.000
1083	5	0.000
998	5	0.000
938	5	0.000
938	5	0.000
953	5	0.000
948	5	0.000
948	5	0.000
948	4	0.000
921	4	0.000
1262	5	0.000
1426	5	0.000
1109	6	0.000
996	5	0.000
642	4	0.000
784	4	0.000
1219	4	0.000
1344	5	0.000
1454	6	0.000
1148	5	0.000
651	5	0.000
810	4	0.000
888	4	0.000
1255	5	0.000
1399	6	0.000
1127	6	0.000
664	4	0.000
473	4	0.000
1047	4	0.000
1350	6	0.000
1415	6	0.000
792	6	0.000
504	5	0.000
441	4	0.000
729	4	0.000
1209	5	0.000
1305	6	0.000
1279	6	0.000
846	6	0.000
493	5	0.000
411	3	0.000
699	5	0.000
1510	6	0.000
1162	6	0.000
643	6	0.000
643	6	0.000
368	3	0.000
368	3	0.000
775	5	0.000
1781	8	0.000
1226	8	0.000
-20	5	0.000
-521	0	0.000
338	0	0.000
